Dates	variable	value	upper_ci	color	type
2020-03-15	True	NA	NA	Observed	solid
2020-03-16	True	0	NA	Observed	solid
2020-03-17	True	2	NA	Observed	solid
2020-03-18	True	2	NA	Observed	solid
2020-03-19	True	3	NA	Observed	solid
2020-03-20	True	4	NA	Observed	solid
2020-03-21	True	4	NA	Observed	solid
2020-03-22	True	2	NA	Observed	solid
2020-03-23	True	2	NA	Observed	solid
2020-03-23	mod_2	499	NA	Soc. Dist. + Travel Ban	solid
2020-03-23	mod_2_up	499	NA	NA	solid
2020-03-23	mod_3	499	NA	No Intervention	solid
2020-03-23	mod_3_up	499	NA	NA	solid
2020-03-23	mod_4	499	NA	Moderate return	solid
2020-03-23	mod_4_up	499	NA	NA	solid
2020-03-23	mod_5	499	NA	Normal (pre-intervention)	solid
2020-03-23	mod_5_up	499	NA	NA	solid
2020-03-23	mod_6	499	NA	Cautious return	solid
2020-03-23	mod_6_up	499	NA	NA	solid
2020-03-24	True	3	NA	Observed	solid
2020-03-25	True	3	NA	Observed	solid
2020-03-26	True	4	NA	Observed	solid
2020-03-27	True	7	NA	Observed	solid
2020-03-28	True	16	NA	Observed	solid
2020-03-29	True	7	NA	Observed	solid
2020-03-30	True	24	NA	Observed	solid
2020-03-31	True	8	NA	Observed	solid
2020-04-01	True	13	NA	Observed	solid
2020-04-02	True	11	NA	Observed	solid
2020-04-03	True	46	NA	Observed	solid
2020-04-04	True	60	NA	Observed	solid
2020-04-05	True	44	NA	Observed	solid
2020-04-06	True	27	NA	Observed	solid
2020-04-07	True	27	NA	Observed	solid
2020-04-08	True	29	NA	Observed	solid
2020-04-09	True	49	NA	Observed	solid
2020-04-10	True	23	NA	Observed	solid
2020-04-11	True	19	NA	Observed	solid
2020-04-12	True	31	NA	Observed	solid
2020-04-13	True	75	NA	Observed	solid
2020-04-14	True	102	NA	Observed	solid
2020-04-15	True	75	NA	Observed	solid
2020-04-16	True	70	NA	Observed	solid
2020-04-17	True	44	NA	Observed	solid
2020-04-18	True	126	NA	Observed	solid
2020-04-19	True	125	NA	Observed	solid
2020-04-20	mod_2	NA	NA	Soc. Dist. + Travel Ban	solid
2020-04-20	mod_3	NA	NA	No Intervention	solid
2020-04-20	mod_4	NA	NA	Moderate return	solid
2020-04-20	mod_5	NA	NA	Normal (pre-intervention)	solid
2020-04-20	mod_6	NA	NA	Cautious return	solid
2020-04-21	mod_2	139	160	Soc. Dist. + Travel Ban	solid
2020-04-21	mod_3	188	1169	No Intervention	solid
2020-04-21	mod_4	71	138	Moderate return	solid
2020-04-21	mod_5	64	1130	Normal (pre-intervention)	solid
2020-04-21	mod_6	67	454	Cautious return	solid
2020-04-22	mod_2	165	2376	Soc. Dist. + Travel Ban	solid
2020-04-22	mod_3	238	1718	No Intervention	solid
2020-04-22	mod_4	64	1515	Moderate return	solid
2020-04-22	mod_5	55	314	Normal (pre-intervention)	solid
2020-04-22	mod_6	94	656	Cautious return	solid
2020-04-23	mod_2	170	490	Soc. Dist. + Travel Ban	solid
2020-04-23	mod_3	271	1042	No Intervention	solid
2020-04-23	mod_4	59	-256	Moderate return	solid
2020-04-23	mod_5	65	35	Normal (pre-intervention)	solid
2020-04-23	mod_6	96	520	Cautious return	solid
2020-04-24	mod_2	190	879	Soc. Dist. + Travel Ban	solid
2020-04-24	mod_3	354	2177	No Intervention	solid
2020-04-24	mod_4	61	-3	Moderate return	solid
2020-04-24	mod_5	51	562	Normal (pre-intervention)	solid
2020-04-24	mod_6	68	125	Cautious return	solid
2020-04-25	mod_2	243	2022	Soc. Dist. + Travel Ban	solid
2020-04-25	mod_3	484	3022	No Intervention	solid
2020-04-25	mod_4	58	1126	Moderate return	solid
2020-04-25	mod_5	60	159	Normal (pre-intervention)	solid
2020-04-25	mod_6	69	1054	Cautious return	solid
2020-04-26	mod_2	286	1099	Soc. Dist. + Travel Ban	solid
2020-04-26	mod_3	585	3825	No Intervention	solid
2020-04-26	mod_4	71	775	Moderate return	solid
2020-04-26	mod_5	32	618	Normal (pre-intervention)	solid
2020-04-26	mod_6	59	712	Cautious return	solid
2020-04-27	mod_2	334	2486	Soc. Dist. + Travel Ban	solid
2020-04-27	mod_3	723	4050	No Intervention	solid
2020-04-27	mod_4	69	-76	Moderate return	solid
2020-04-27	mod_5	71	785	Normal (pre-intervention)	solid
2020-04-27	mod_6	81	-295	Cautious return	solid
2020-04-28	mod_2	354	2513	Soc. Dist. + Travel Ban	solid
2020-04-28	mod_3	938	7874	No Intervention	solid
2020-04-28	mod_4	79	746	Moderate return	solid
2020-04-28	mod_5	77	741	Normal (pre-intervention)	solid
2020-04-28	mod_6	89	1295	Cautious return	solid
2020-04-29	mod_2	459	3578	Soc. Dist. + Travel Ban	solid
2020-04-29	mod_3	1244	10868	No Intervention	solid
2020-04-29	mod_4	68	122	Moderate return	solid
2020-04-29	mod_5	58	395	Normal (pre-intervention)	solid
2020-04-29	mod_6	82	452	Cautious return	solid
2020-04-30	mod_2	525	3380	Soc. Dist. + Travel Ban	solid
2020-04-30	mod_3	1641	12678	No Intervention	solid
2020-04-30	mod_4	67	593	Moderate return	solid
2020-04-30	mod_5	84	861	Normal (pre-intervention)	solid
2020-04-30	mod_6	63	972	Cautious return	solid
2020-05-01	mod_2	629	5888	Soc. Dist. + Travel Ban	solid
2020-05-01	mod_3	2223	15534	No Intervention	solid
2020-05-01	mod_4	54	1450	Moderate return	solid
2020-05-01	mod_5	64	568	Normal (pre-intervention)	solid
2020-05-01	mod_6	86	745	Cautious return	solid
2020-05-02	mod_2	759	5455	Soc. Dist. + Travel Ban	solid
2020-05-02	mod_3	2988	23413	No Intervention	solid
2020-05-02	mod_4	76	466	Moderate return	solid
2020-05-02	mod_5	96	1385	Normal (pre-intervention)	solid
2020-05-02	mod_6	69	632	Cautious return	solid
2020-05-03	mod_2	998	4644	Soc. Dist. + Travel Ban	solid
2020-05-03	mod_3	4171	31861	No Intervention	solid
2020-05-03	mod_4	72	796	Moderate return	solid
2020-05-03	mod_5	92	1101	Normal (pre-intervention)	solid
2020-05-03	mod_6	64	430	Cautious return	solid
2020-05-04	mod_2	1216	9271	Soc. Dist. + Travel Ban	solid
2020-05-04	mod_3	5747	40591	No Intervention	solid
2020-05-04	mod_4	88	373	Moderate return	solid
2020-05-04	mod_5	64	228	Normal (pre-intervention)	solid
2020-05-04	mod_6	105	1884	Cautious return	solid
2020-05-05	mod_2	1504	8322	Soc. Dist. + Travel Ban	solid
2020-05-05	mod_3	7940	53823	No Intervention	solid
2020-05-05	mod_4	73	845	Moderate return	solid
2020-05-05	mod_5	82	27	Normal (pre-intervention)	solid
2020-05-05	mod_6	64	94	Cautious return	solid
2020-05-06	mod_2	1986	18113	Soc. Dist. + Travel Ban	solid
2020-05-06	mod_3	11107	82197	No Intervention	solid
2020-05-06	mod_4	79	1436	Moderate return	solid
2020-05-06	mod_5	84	2452	Normal (pre-intervention)	solid
2020-05-06	mod_6	57	-366	Cautious return	solid
2020-05-07	mod_2	2506	17478	Soc. Dist. + Travel Ban	solid
2020-05-07	mod_3	15065	108317	No Intervention	solid
2020-05-07	mod_4	76	549	Moderate return	solid
2020-05-07	mod_5	104	-515	Normal (pre-intervention)	solid
2020-05-07	mod_6	90	1832	Cautious return	solid
2020-05-08	mod_2	3271	27559	Soc. Dist. + Travel Ban	solid
2020-05-08	mod_3	19949	148850	No Intervention	solid
2020-05-08	mod_4	79	560	Moderate return	solid
2020-05-08	mod_5	104	1847	Normal (pre-intervention)	solid
2020-05-08	mod_6	87	-92	Cautious return	solid
2020-05-09	mod_2	4192	16327	Soc. Dist. + Travel Ban	solid
2020-05-09	mod_3	25694	192539	No Intervention	solid
2020-05-09	mod_4	104	3328	Moderate return	solid
2020-05-09	mod_5	71	827	Normal (pre-intervention)	solid
2020-05-09	mod_6	100	1163	Cautious return	solid
2020-05-10	mod_2	5404	33667	Soc. Dist. + Travel Ban	solid
2020-05-10	mod_3	31990	288277	No Intervention	solid
2020-05-10	mod_4	101	-1317	Moderate return	solid
2020-05-10	mod_5	127	-763	Normal (pre-intervention)	solid
2020-05-10	mod_6	93	565	Cautious return	solid
2020-05-11	mod_2	6862	47659	Soc. Dist. + Travel Ban	solid
2020-05-11	mod_3	38590	317697	No Intervention	solid
2020-05-11	mod_4	118	1202	Moderate return	solid
2020-05-11	mod_5	104	2289	Normal (pre-intervention)	solid
2020-05-11	mod_6	99	807	Cautious return	solid
2020-05-12	mod_2	8610	47937	Soc. Dist. + Travel Ban	solid
2020-05-12	mod_3	45911	482976	No Intervention	solid
2020-05-12	mod_4	96	3143	Moderate return	solid
2020-05-12	mod_5	103	186	Normal (pre-intervention)	solid
2020-05-12	mod_6	95	2823	Cautious return	solid
2020-05-13	mod_2	10629	58006	Soc. Dist. + Travel Ban	solid
2020-05-13	mod_3	53573	571826	No Intervention	solid
2020-05-13	mod_4	150	34	Moderate return	solid
2020-05-13	mod_5	147	2292	Normal (pre-intervention)	solid
2020-05-13	mod_6	118	-2863	Cautious return	solid
2020-05-14	mod_2	12838	82793	Soc. Dist. + Travel Ban	solid
2020-05-14	mod_3	60965	642744	No Intervention	solid
2020-05-14	mod_4	110	1294	Moderate return	solid
2020-05-14	mod_5	123	-7	Normal (pre-intervention)	solid
2020-05-14	mod_6	128	3064	Cautious return	solid
2020-05-15	mod_2	15201	109146	Soc. Dist. + Travel Ban	solid
2020-05-15	mod_3	68496	758554	No Intervention	solid
2020-05-15	mod_4	162	1448	Moderate return	solid
2020-05-15	mod_5	154	2063	Normal (pre-intervention)	solid
2020-05-15	mod_6	144	303	Cautious return	solid
2020-05-16	mod_2	17603	139299	Soc. Dist. + Travel Ban	solid
2020-05-16	mod_3	75775	1018741	No Intervention	solid
2020-05-16	mod_4	195	1326	Moderate return	solid
2020-05-16	mod_5	227	5	Normal (pre-intervention)	solid
2020-05-16	mod_6	169	1616	Cautious return	solid
2020-05-17	mod_2	19973	148257	Soc. Dist. + Travel Ban	solid
2020-05-17	mod_3	82879	1331513	No Intervention	solid
2020-05-17	mod_4	183	312	Moderate return	solid
2020-05-17	mod_5	318	4635	Normal (pre-intervention)	solid
2020-05-17	mod_6	182	-392	Cautious return	solid
2020-05-18	mod_2	22574	230669	Soc. Dist. + Travel Ban	solid
2020-05-18	mod_3	89515	1508737	No Intervention	solid
2020-05-18	mod_4	252	5361	Moderate return	solid
2020-05-18	mod_5	303	3059	Normal (pre-intervention)	solid
2020-05-18	mod_6	240	3663	Cautious return	solid
2020-05-19	mod_2	25123	201405	Soc. Dist. + Travel Ban	solid
2020-05-19	mod_3	96324	1407796	No Intervention	solid
2020-05-19	mod_4	291	52	Moderate return	solid
2020-05-19	mod_5	385	4581	Normal (pre-intervention)	solid
2020-05-19	mod_6	272	-304	Cautious return	solid
2020-05-20	mod_2	27644	270775	Soc. Dist. + Travel Ban	solid
2020-05-20	mod_3	102452	1512201	No Intervention	solid
2020-05-20	mod_4	402	1732	Moderate return	solid
2020-05-20	mod_5	492	4388	Normal (pre-intervention)	solid
2020-05-20	mod_6	306	2194	Cautious return	solid
2020-05-21	mod_2	30254	360371	Soc. Dist. + Travel Ban	solid
2020-05-21	mod_3	109115	1642473	No Intervention	solid
2020-05-21	mod_4	487	3072	Moderate return	solid
2020-05-21	mod_5	715	5809	Normal (pre-intervention)	solid
2020-05-21	mod_6	372	2846	Cautious return	solid
2020-05-22	mod_2	32948	375678	Soc. Dist. + Travel Ban	solid
2020-05-22	mod_3	114775	1817010	No Intervention	solid
2020-05-22	mod_4	587	3150	Moderate return	solid
2020-05-22	mod_5	918	4335	Normal (pre-intervention)	solid
2020-05-22	mod_6	406	1781	Cautious return	solid
2020-05-23	mod_2	35378	453863	Soc. Dist. + Travel Ban	solid
2020-05-23	mod_3	120207	1551016	No Intervention	solid
2020-05-23	mod_4	740	5243	Moderate return	solid
2020-05-23	mod_5	1292	9817	Normal (pre-intervention)	solid
2020-05-23	mod_6	548	3606	Cautious return	solid
2020-05-24	mod_2	38347	629593	Soc. Dist. + Travel Ban	solid
2020-05-24	mod_3	125635	2217647	No Intervention	solid
2020-05-24	mod_4	994	1456	Moderate return	solid
2020-05-24	mod_5	1821	16445	Normal (pre-intervention)	solid
2020-05-24	mod_6	667	3429	Cautious return	solid
2020-05-25	mod_2	40930	567677	Soc. Dist. + Travel Ban	solid
2020-05-25	mod_3	130448	2031690	No Intervention	solid
2020-05-25	mod_4	1417	10943	Moderate return	solid
2020-05-25	mod_5	2614	8907	Normal (pre-intervention)	solid
2020-05-25	mod_6	845	-966	Cautious return	solid
2020-05-26	mod_2	43895	651991	Soc. Dist. + Travel Ban	solid
2020-05-26	mod_3	134160	1407173	No Intervention	solid
2020-05-26	mod_4	1882	5596	Moderate return	solid
2020-05-26	mod_5	3811	22845	Normal (pre-intervention)	solid
2020-05-26	mod_6	992	5212	Cautious return	solid
2020-05-27	mod_2	46869	771169	Soc. Dist. + Travel Ban	solid
2020-05-27	mod_3	137645	1519497	No Intervention	solid
2020-05-27	mod_4	2708	6766	Moderate return	solid
2020-05-27	mod_5	5737	24457	Normal (pre-intervention)	solid
2020-05-27	mod_6	1363	1334	Cautious return	solid
2020-05-28	mod_2	49832	866189	Soc. Dist. + Travel Ban	solid
2020-05-28	mod_3	140400	1172469	No Intervention	solid
2020-05-28	mod_4	3635	12669	Moderate return	solid
2020-05-28	mod_5	8656	41389	Normal (pre-intervention)	solid
2020-05-28	mod_6	1738	3332	Cautious return	solid
2020-05-29	mod_2	51469	1134608	Soc. Dist. + Travel Ban	solid
2020-05-29	mod_3	142970	1108991	No Intervention	solid
2020-05-29	mod_4	5054	9840	Moderate return	solid
2020-05-29	mod_5	13021	62514	Normal (pre-intervention)	solid
2020-05-29	mod_6	2119	3402	Cautious return	solid
2020-05-30	mod_2	53887	768439	Soc. Dist. + Travel Ban	solid
2020-05-30	mod_3	144928	844972	No Intervention	solid
2020-05-30	mod_4	6708	14213	Moderate return	solid
2020-05-30	mod_5	19090	66564	Normal (pre-intervention)	solid
2020-05-30	mod_6	2657	5137	Cautious return	solid
2020-05-31	mod_2	56110	1181330	Soc. Dist. + Travel Ban	solid
2020-05-31	mod_3	146464	411840	No Intervention	solid
2020-05-31	mod_4	8648	24011	Moderate return	solid
2020-05-31	mod_5	26480	79690	Normal (pre-intervention)	solid
2020-05-31	mod_6	3302	4934	Cautious return	solid
2020-06-01	mod_2	57990	1083594	Soc. Dist. + Travel Ban	solid
2020-06-01	mod_3	148119	1055948	No Intervention	solid
2020-06-01	mod_4	11027	34172	Moderate return	solid
2020-06-01	mod_5	34682	176360	Normal (pre-intervention)	solid
2020-06-01	mod_6	3953	6933	Cautious return	solid
2020-06-02	mod_2	59492	936767	Soc. Dist. + Travel Ban	solid
2020-06-02	mod_3	149080	545958	No Intervention	solid
2020-06-02	mod_4	13095	23058	Moderate return	solid
2020-06-02	mod_5	41913	173343	Normal (pre-intervention)	solid
2020-06-02	mod_6	4613	5733	Cautious return	solid
2020-06-03	mod_2	60500	1075596	Soc. Dist. + Travel Ban	solid
2020-06-03	mod_3	148949	959067	No Intervention	solid
2020-06-03	mod_4	14811	42334	Moderate return	solid
2020-06-03	mod_5	48019	288345	Normal (pre-intervention)	solid
2020-06-03	mod_6	5163	3904	Cautious return	solid
2020-06-04	mod_2	61360	874494	Soc. Dist. + Travel Ban	solid
2020-06-04	mod_3	149168	932152	No Intervention	solid
2020-06-04	mod_4	16390	39204	Moderate return	solid
2020-06-04	mod_5	52382	398909	Normal (pre-intervention)	solid
2020-06-04	mod_6	5783	14946	Cautious return	solid
2020-06-05	mod_2	62166	1066039	Soc. Dist. + Travel Ban	solid
2020-06-05	mod_3	148132	712621	No Intervention	solid
2020-06-05	mod_4	17768	62834	Moderate return	solid
2020-06-05	mod_5	55473	690134	Normal (pre-intervention)	solid
2020-06-05	mod_6	6192	1428	Cautious return	solid
2020-06-06	mod_2	62947	880206	Soc. Dist. + Travel Ban	solid
2020-06-06	mod_3	148082	568845	No Intervention	solid
2020-06-06	mod_4	19166	53698	Moderate return	solid
2020-06-06	mod_5	57506	886925	Normal (pre-intervention)	solid
2020-06-06	mod_6	6905	7982	Cautious return	solid
2020-06-07	mod_2	63849	1041524	Soc. Dist. + Travel Ban	solid
2020-06-07	mod_3	146934	295783	No Intervention	solid
2020-06-07	mod_4	20714	67835	Moderate return	solid
2020-06-07	mod_5	59590	707489	Normal (pre-intervention)	solid
2020-06-07	mod_6	7638	8349	Cautious return	solid
2020-06-08	mod_2	64666	681225	Soc. Dist. + Travel Ban	solid
2020-06-08	mod_3	145647	419648	No Intervention	solid
2020-06-08	mod_4	22208	116533	Moderate return	solid
2020-06-08	mod_5	61243	514127	Normal (pre-intervention)	solid
2020-06-08	mod_6	8430	26667	Cautious return	solid
2020-06-09	mod_2	64911	1071270	Soc. Dist. + Travel Ban	solid
2020-06-09	mod_3	144253	373509	No Intervention	solid
2020-06-09	mod_4	23696	83844	Moderate return	solid
2020-06-09	mod_5	61966	1066206	Normal (pre-intervention)	solid
2020-06-09	mod_6	9259	12483	Cautious return	solid
2020-06-10	mod_2	65270	755851	Soc. Dist. + Travel Ban	solid
2020-06-10	mod_3	142533	104149	No Intervention	solid
2020-06-10	mod_4	25512	133959	Moderate return	solid
2020-06-10	mod_5	62253	1419413	Normal (pre-intervention)	solid
2020-06-10	mod_6	10182	20596	Cautious return	solid
2020-06-11	mod_2	65861	1211184	Soc. Dist. + Travel Ban	solid
2020-06-11	mod_3	140784	404916	No Intervention	solid
2020-06-11	mod_4	27072	185687	Moderate return	solid
2020-06-11	mod_5	61893	718956	Normal (pre-intervention)	solid
2020-06-11	mod_6	11014	17113	Cautious return	solid
2020-06-12	mod_2	65869	630920	Soc. Dist. + Travel Ban	solid
2020-06-12	mod_3	138507	515522	No Intervention	solid
2020-06-12	mod_4	28471	207578	Moderate return	solid
2020-06-12	mod_5	61565	1540004	Normal (pre-intervention)	solid
2020-06-12	mod_6	11919	35334	Cautious return	solid
2020-06-13	mod_2	66321	580927	Soc. Dist. + Travel Ban	solid
2020-06-13	mod_3	136464	155558	No Intervention	solid
2020-06-13	mod_4	29693	220492	Moderate return	solid
2020-06-13	mod_5	60702	799950	Normal (pre-intervention)	solid
2020-06-13	mod_6	12436	10103	Cautious return	solid
2020-06-14	mod_2	66318	257429	Soc. Dist. + Travel Ban	solid
2020-06-14	mod_3	134846	-53718	No Intervention	solid
2020-06-14	mod_4	31071	267897	Moderate return	solid
2020-06-14	mod_5	60378	1434490	Normal (pre-intervention)	solid
2020-06-14	mod_6	13229	48967	Cautious return	solid
2020-06-15	mod_2	66396	802788	Soc. Dist. + Travel Ban	solid
2020-06-15	mod_3	132046	108299	No Intervention	solid
2020-06-15	mod_4	32076	305712	Moderate return	solid
2020-06-15	mod_5	59677	1701793	Normal (pre-intervention)	solid
2020-06-15	mod_6	13837	46785	Cautious return	solid
2020-06-16	mod_2	65941	479321	Soc. Dist. + Travel Ban	solid
2020-06-16	mod_3	129769	31415	No Intervention	solid
2020-06-16	mod_4	32975	451824	Moderate return	solid
2020-06-16	mod_5	59563	1874450	Normal (pre-intervention)	solid
2020-06-16	mod_6	14311	77345	Cautious return	solid
2020-06-17	mod_2	66278	687733	Soc. Dist. + Travel Ban	solid
2020-06-17	mod_3	127395	268366	No Intervention	solid
2020-06-17	mod_4	33701	381474	Moderate return	solid
2020-06-17	mod_5	58827	1750182	Normal (pre-intervention)	solid
2020-06-17	mod_6	14589	53598	Cautious return	solid
2020-06-18	mod_2	65909	324038	Soc. Dist. + Travel Ban	solid
2020-06-18	mod_3	125321	165437	No Intervention	solid
2020-06-18	mod_4	33799	422766	Moderate return	solid
2020-06-18	mod_5	58382	2235254	Normal (pre-intervention)	solid
2020-06-18	mod_6	14898	68063	Cautious return	solid
2020-06-19	mod_2	65657	389531	Soc. Dist. + Travel Ban	solid
2020-06-19	mod_3	123388	-105746	No Intervention	solid
2020-06-19	mod_4	34218	690042	Moderate return	solid
2020-06-19	mod_5	57193	1809991	Normal (pre-intervention)	solid
2020-06-19	mod_6	15209	73687	Cautious return	solid
2020-06-20	mod_2	64713	296692	Soc. Dist. + Travel Ban	solid
2020-06-20	mod_3	120582	-123523	No Intervention	solid
2020-06-20	mod_4	34498	701760	Moderate return	solid
2020-06-20	mod_5	55651	1565367	Normal (pre-intervention)	solid
2020-06-20	mod_6	15460	113758	Cautious return	solid
2020-06-21	mod_2	64438	294380	Soc. Dist. + Travel Ban	solid
2020-06-21	mod_3	117545	-43268	No Intervention	solid
2020-06-21	mod_4	34488	751379	Moderate return	solid
2020-06-21	mod_5	54235	1050699	Normal (pre-intervention)	solid
2020-06-21	mod_6	15519	63826	Cautious return	solid
2020-06-22	mod_2	63744	207300	Soc. Dist. + Travel Ban	solid
2020-06-22	mod_3	116618	279202	No Intervention	solid
2020-06-22	mod_4	34881	833937	Moderate return	solid
2020-06-22	mod_5	52897	1379574	Normal (pre-intervention)	solid
2020-06-22	mod_6	15717	160988	Cautious return	solid
2020-06-23	mod_2	62986	288549	Soc. Dist. + Travel Ban	solid
2020-06-23	mod_3	113176	111011	No Intervention	solid
2020-06-23	mod_4	34672	776147	Moderate return	solid
2020-06-23	mod_5	51008	1285838	Normal (pre-intervention)	solid
2020-06-23	mod_6	15678	29547	Cautious return	solid
2020-06-24	mod_2	62179	265792	Soc. Dist. + Travel Ban	solid
2020-06-24	mod_3	112119	48816	No Intervention	solid
2020-06-24	mod_4	34643	882645	Moderate return	solid
2020-06-24	mod_5	50102	1405294	Normal (pre-intervention)	solid
2020-06-24	mod_6	15919	96499	Cautious return	solid
2020-06-25	mod_2	61478	358008	Soc. Dist. + Travel Ban	solid
2020-06-25	mod_3	108425	160694	No Intervention	solid
2020-06-25	mod_4	34806	1121859	Moderate return	solid
2020-06-25	mod_5	48664	1398555	Normal (pre-intervention)	solid
2020-06-25	mod_6	16119	145918	Cautious return	solid
2020-06-26	mod_2	60632	210503	Soc. Dist. + Travel Ban	solid
2020-06-26	mod_3	106924	-69012	No Intervention	solid
2020-06-26	mod_4	34910	1158887	Moderate return	solid
2020-06-26	mod_5	47549	1243012	Normal (pre-intervention)	solid
2020-06-26	mod_6	15978	188173	Cautious return	solid
2020-06-27	mod_2	60280	422894	Soc. Dist. + Travel Ban	solid
2020-06-27	mod_3	104328	110658	No Intervention	solid
2020-06-27	mod_4	34636	951748	Moderate return	solid
2020-06-27	mod_5	45923	1036974	Normal (pre-intervention)	solid
2020-06-27	mod_6	15882	33449	Cautious return	solid
2020-06-28	mod_2	59476	148271	Soc. Dist. + Travel Ban	solid
2020-06-28	mod_3	102027	269473	No Intervention	solid
2020-06-28	mod_4	34394	738960	Moderate return	solid
2020-06-28	mod_5	44784	35907	Normal (pre-intervention)	solid
2020-06-28	mod_6	16099	239319	Cautious return	solid
2020-06-29	mod_2	58397	106620	Soc. Dist. + Travel Ban	solid
2020-06-29	mod_3	100915	19917	No Intervention	solid
2020-06-29	mod_4	34417	1203920	Moderate return	solid
2020-06-29	mod_5	43611	731471	Normal (pre-intervention)	solid
2020-06-29	mod_6	16151	145894	Cautious return	solid
2020-06-30	mod_2	57414	-120452	Soc. Dist. + Travel Ban	solid
2020-06-30	mod_3	99609	-233324	No Intervention	solid
2020-06-30	mod_4	34007	1241525	Moderate return	solid
2020-06-30	mod_5	42465	263898	Normal (pre-intervention)	solid
2020-06-30	mod_6	16147	163624	Cautious return	solid
2020-07-01	mod_2	56451	70552	Soc. Dist. + Travel Ban	solid
2020-07-01	mod_3	96869	-125542	No Intervention	solid
2020-07-01	mod_4	33418	1113876	Moderate return	solid
2020-07-01	mod_5	41297	292727	Normal (pre-intervention)	solid
2020-07-01	mod_6	16212	174537	Cautious return	solid
2020-07-02	mod_2	56272	266738	Soc. Dist. + Travel Ban	solid
2020-07-02	mod_3	94156	-60797	No Intervention	solid
2020-07-02	mod_4	32919	1363018	Moderate return	solid
2020-07-02	mod_5	40698	-166896	Normal (pre-intervention)	solid
2020-07-02	mod_6	16376	211842	Cautious return	solid
2020-07-03	mod_2	55745	197431	Soc. Dist. + Travel Ban	solid
2020-07-03	mod_3	91493	-47552	No Intervention	solid
2020-07-03	mod_4	32864	1333283	Moderate return	solid
2020-07-03	mod_5	40064	187779	Normal (pre-intervention)	solid
2020-07-03	mod_6	16319	186497	Cautious return	solid
2020-07-04	mod_2	53608	306868	Soc. Dist. + Travel Ban	solid
2020-07-04	mod_3	91139	-7305	No Intervention	solid
2020-07-04	mod_4	32006	881274	Moderate return	solid
2020-07-04	mod_5	38964	105191	Normal (pre-intervention)	solid
2020-07-04	mod_6	16265	349118	Cautious return	solid
2020-07-05	mod_2	53680	73205	Soc. Dist. + Travel Ban	solid
2020-07-05	mod_3	88536	-707	No Intervention	solid
2020-07-05	mod_4	31548	416504	Moderate return	solid
2020-07-05	mod_5	38766	548738	Normal (pre-intervention)	solid
2020-07-05	mod_6	16396	309337	Cautious return	solid
2020-07-06	mod_2	52979	-48051	Soc. Dist. + Travel Ban	solid
2020-07-06	mod_3	87035	24998	No Intervention	solid
2020-07-06	mod_4	30960	794699	Moderate return	solid
2020-07-06	mod_5	38129	124502	Normal (pre-intervention)	solid
2020-07-06	mod_6	16589	337577	Cautious return	solid
2020-07-07	mod_2	51908	-228738	Soc. Dist. + Travel Ban	solid
2020-07-07	mod_3	85235	26056	No Intervention	solid
2020-07-07	mod_4	30179	381975	Moderate return	solid
2020-07-07	mod_5	37495	590680	Normal (pre-intervention)	solid
2020-07-07	mod_6	16540	318057	Cautious return	solid
2020-07-08	mod_2	51578	39576	Soc. Dist. + Travel Ban	solid
2020-07-08	mod_3	83150	23061	No Intervention	solid
2020-07-08	mod_4	29766	486199	Moderate return	solid
2020-07-08	mod_5	37226	166041	Normal (pre-intervention)	solid
2020-07-08	mod_6	16584	257057	Cautious return	solid
2020-07-09	mod_2	51174	-15914	Soc. Dist. + Travel Ban	solid
2020-07-09	mod_3	81558	145194	No Intervention	solid
2020-07-09	mod_4	28906	453410	Moderate return	solid
2020-07-09	mod_5	36717	294667	Normal (pre-intervention)	solid
2020-07-09	mod_6	16401	310431	Cautious return	solid
2020-07-10	mod_2	50258	70067	Soc. Dist. + Travel Ban	solid
2020-07-10	mod_3	80540	79128	No Intervention	solid
2020-07-10	mod_4	27927	996682	Moderate return	solid
2020-07-10	mod_5	36623	129450	Normal (pre-intervention)	solid
2020-07-10	mod_6	16419	256104	Cautious return	solid
2020-07-11	mod_2	49062	106952	Soc. Dist. + Travel Ban	solid
2020-07-11	mod_3	78594	-44806	No Intervention	solid
2020-07-11	mod_4	27200	773777	Moderate return	solid
2020-07-11	mod_5	35849	21681	Normal (pre-intervention)	solid
2020-07-11	mod_6	16436	228260	Cautious return	solid
2020-07-12	mod_2	49054	13127	Soc. Dist. + Travel Ban	solid
2020-07-12	mod_3	77424	-194084	No Intervention	solid
2020-07-12	mod_4	26255	809547	Moderate return	solid
2020-07-12	mod_5	34672	-208241	Normal (pre-intervention)	solid
2020-07-12	mod_6	16472	589151	Cautious return	solid
2020-07-13	mod_2	47629	-5747	Soc. Dist. + Travel Ban	solid
2020-07-13	mod_3	75728	22254	No Intervention	solid
2020-07-13	mod_4	25375	748033	Moderate return	solid
2020-07-13	mod_5	34557	90741	Normal (pre-intervention)	solid
2020-07-13	mod_6	16549	302018	Cautious return	solid
2020-07-14	mod_2	46891	-58261	Soc. Dist. + Travel Ban	solid
2020-07-14	mod_3	74373	-32179	No Intervention	solid
2020-07-14	mod_4	24820	665612	Moderate return	solid
2020-07-14	mod_5	33629	220228	Normal (pre-intervention)	solid
2020-07-14	mod_6	16281	680970	Cautious return	solid
2020-07-15	mod_2	46174	23728	Soc. Dist. + Travel Ban	solid
2020-07-15	mod_3	72885	-94973	No Intervention	solid
2020-07-15	mod_4	24378	536123	Moderate return	solid
2020-07-15	mod_5	32969	-5160	Normal (pre-intervention)	solid
2020-07-15	mod_6	16479	481921	Cautious return	solid
2020-07-16	mod_2	45674	35340	Soc. Dist. + Travel Ban	solid
2020-07-16	mod_3	72228	157195	No Intervention	solid
2020-07-16	mod_4	23654	306940	Moderate return	solid
2020-07-16	mod_5	32003	-19496	Normal (pre-intervention)	solid
2020-07-16	mod_6	16097	658338	Cautious return	solid
2020-07-17	mod_2	44631	99997	Soc. Dist. + Travel Ban	solid
2020-07-17	mod_3	70468	-105493	No Intervention	solid
2020-07-17	mod_4	23087	328066	Moderate return	solid
2020-07-17	mod_5	30866	180577	Normal (pre-intervention)	solid
2020-07-17	mod_6	15771	627086	Cautious return	solid
2020-07-18	mod_2	43914	58022	Soc. Dist. + Travel Ban	solid
2020-07-18	mod_3	68032	105733	No Intervention	solid
2020-07-18	mod_4	22570	256063	Moderate return	solid
2020-07-18	mod_5	30007	-51444	Normal (pre-intervention)	solid
2020-07-18	mod_6	15843	484584	Cautious return	solid
2020-07-19	mod_2	44097	-15581	Soc. Dist. + Travel Ban	solid
2020-07-19	mod_3	67139	31743	No Intervention	solid
2020-07-19	mod_4	22057	491423	Moderate return	solid
2020-07-19	mod_5	29018	-22359	Normal (pre-intervention)	solid
2020-07-19	mod_6	15598	613706	Cautious return	solid
2020-07-20	mod_2	43417	-11852	Soc. Dist. + Travel Ban	solid
2020-07-20	mod_3	65777	42792	No Intervention	solid
2020-07-20	mod_4	21408	395558	Moderate return	solid
2020-07-20	mod_5	28281	11538	Normal (pre-intervention)	solid
2020-07-20	mod_6	15503	776372	Cautious return	solid
2020-07-21	mod_2	41578	-2529	Soc. Dist. + Travel Ban	solid
2020-07-21	mod_3	64216	99703	No Intervention	solid
2020-07-21	mod_4	21309	285451	Moderate return	solid
2020-07-21	mod_5	26912	174175	Normal (pre-intervention)	solid
2020-07-21	mod_6	14729	853430	Cautious return	solid
2020-07-22	mod_2	41131	174755	Soc. Dist. + Travel Ban	solid
2020-07-22	mod_3	62529	106483	No Intervention	solid
2020-07-22	mod_4	20547	194787	Moderate return	solid
2020-07-22	mod_5	26493	-22107	Normal (pre-intervention)	solid
2020-07-22	mod_6	14853	773551	Cautious return	solid
2020-07-23	mod_2	39779	59019	Soc. Dist. + Travel Ban	solid
2020-07-23	mod_3	60971	-77370	No Intervention	solid
2020-07-23	mod_4	19797	52785	Moderate return	solid
2020-07-23	mod_5	25484	22105	Normal (pre-intervention)	solid
2020-07-23	mod_6	14657	464041	Cautious return	solid
2020-07-24	mod_2	39406	17916	Soc. Dist. + Travel Ban	solid
2020-07-24	mod_3	59929	-59317	No Intervention	solid
2020-07-24	mod_4	19838	91730	Moderate return	solid
2020-07-24	mod_5	24729	47193	Normal (pre-intervention)	solid
2020-07-24	mod_6	14544	777441	Cautious return	solid
2020-07-25	mod_2	38358	-88264	Soc. Dist. + Travel Ban	solid
2020-07-25	mod_3	58342	53761	No Intervention	solid
2020-07-25	mod_4	19342	149067	Moderate return	solid
2020-07-25	mod_5	23676	-97098	Normal (pre-intervention)	solid
2020-07-25	mod_6	14217	470779	Cautious return	solid
2020-07-26	mod_2	37339	38694	Soc. Dist. + Travel Ban	solid
2020-07-26	mod_3	56908	-30998	No Intervention	solid
2020-07-26	mod_4	19057	372687	Moderate return	solid
2020-07-26	mod_5	23026	68625	Normal (pre-intervention)	solid
2020-07-26	mod_6	14082	510596	Cautious return	solid
2020-07-27	mod_2	37019	-24489	Soc. Dist. + Travel Ban	solid
2020-07-27	mod_3	55601	-65155	No Intervention	solid
2020-07-27	mod_4	18590	107688	Moderate return	solid
2020-07-27	mod_5	21915	252380	Normal (pre-intervention)	solid
2020-07-27	mod_6	13710	634314	Cautious return	solid
2020-07-28	mod_2	35911	-18759	Soc. Dist. + Travel Ban	solid
2020-07-28	mod_3	54624	-173073	No Intervention	solid
2020-07-28	mod_4	18505	379714	Moderate return	solid
2020-07-28	mod_5	21500	89925	Normal (pre-intervention)	solid
2020-07-28	mod_6	13756	689081	Cautious return	solid
2020-07-29	mod_2	35265	-87504	Soc. Dist. + Travel Ban	solid
2020-07-29	mod_3	53090	-16354	No Intervention	solid
2020-07-29	mod_4	18439	277096	Moderate return	solid
2020-07-29	mod_5	20399	-159632	Normal (pre-intervention)	solid
2020-07-29	mod_6	13534	444120	Cautious return	solid
2020-07-30	mod_2	35326	-12923	Soc. Dist. + Travel Ban	solid
2020-07-30	mod_3	51831	36102	No Intervention	solid
2020-07-30	mod_4	17582	-90339	Moderate return	solid
2020-07-30	mod_5	19811	5408	Normal (pre-intervention)	solid
2020-07-30	mod_6	13130	461061	Cautious return	solid
2020-07-31	mod_2	34312	66718	Soc. Dist. + Travel Ban	solid
2020-07-31	mod_3	50660	80954	No Intervention	solid
2020-07-31	mod_4	17184	132492	Moderate return	solid
2020-07-31	mod_5	19064	-190104	Normal (pre-intervention)	solid
2020-07-31	mod_6	12597	683938	Cautious return	solid
2020-08-01	mod_2	32871	145975	Soc. Dist. + Travel Ban	solid
2020-08-01	mod_3	48374	-29086	No Intervention	solid
2020-08-01	mod_4	17165	-244405	Moderate return	solid
2020-08-01	mod_5	18527	245187	Normal (pre-intervention)	solid
2020-08-01	mod_6	12864	409618	Cautious return	solid
2020-08-02	mod_2	32844	-83878	Soc. Dist. + Travel Ban	solid
2020-08-02	mod_3	48132	-36309	No Intervention	solid
2020-08-02	mod_4	17054	31920	Moderate return	solid
2020-08-02	mod_5	17734	-85534	Normal (pre-intervention)	solid
2020-08-02	mod_6	12642	695380	Cautious return	solid
2020-08-03	mod_2	31929	73371	Soc. Dist. + Travel Ban	solid
2020-08-03	mod_3	46452	-29666	No Intervention	solid
2020-08-03	mod_4	16446	19284	Moderate return	solid
2020-08-03	mod_5	17410	-85069	Normal (pre-intervention)	solid
2020-08-03	mod_6	12499	351605	Cautious return	solid
2020-08-04	mod_2	31150	19145	Soc. Dist. + Travel Ban	solid
2020-08-04	mod_3	45274	-207147	No Intervention	solid
2020-08-04	mod_4	16153	201732	Moderate return	solid
2020-08-04	mod_5	16698	-349385	Normal (pre-intervention)	solid
2020-08-04	mod_6	12417	647055	Cautious return	solid
2020-08-05	mod_2	30161	-65488	Soc. Dist. + Travel Ban	solid
2020-08-05	mod_3	44805	-68716	No Intervention	solid
2020-08-05	mod_4	15357	59773	Moderate return	solid
2020-08-05	mod_5	15899	-36511	Normal (pre-intervention)	solid
2020-08-05	mod_6	12303	356942	Cautious return	solid
2020-08-06	mod_2	29591	170297	Soc. Dist. + Travel Ban	solid
2020-08-06	mod_3	43452	137496	No Intervention	solid
2020-08-06	mod_4	15153	115646	Moderate return	solid
2020-08-06	mod_5	15386	-129141	Normal (pre-intervention)	solid
2020-08-06	mod_6	12439	427851	Cautious return	solid
2020-08-07	mod_2	29195	-150859	Soc. Dist. + Travel Ban	solid
2020-08-07	mod_3	42287	-18543	No Intervention	solid
2020-08-07	mod_4	14778	-18098	Moderate return	solid
2020-08-07	mod_5	14503	-126965	Normal (pre-intervention)	solid
2020-08-07	mod_6	11970	621021	Cautious return	solid
2020-08-08	mod_2	28902	-59686	Soc. Dist. + Travel Ban	solid
2020-08-08	mod_3	40435	-95950	No Intervention	solid
2020-08-08	mod_4	14610	159688	Moderate return	solid
2020-08-08	mod_5	14278	-39338	Normal (pre-intervention)	solid
2020-08-08	mod_6	11981	511237	Cautious return	solid
2020-08-09	mod_2	28247	73085	Soc. Dist. + Travel Ban	solid
2020-08-09	mod_3	40996	24587	No Intervention	solid
2020-08-09	mod_4	14247	16878	Moderate return	solid
2020-08-09	mod_5	13656	-140788	Normal (pre-intervention)	solid
2020-08-09	mod_6	11743	385550	Cautious return	solid
2020-08-10	mod_2	27504	136022	Soc. Dist. + Travel Ban	solid
2020-08-10	mod_3	39458	-70906	No Intervention	solid
2020-08-10	mod_4	13811	32519	Moderate return	solid
2020-08-10	mod_5	13545	-104550	Normal (pre-intervention)	solid
2020-08-10	mod_6	11580	219247	Cautious return	solid
2020-08-11	mod_2	26064	-50246	Soc. Dist. + Travel Ban	solid
2020-08-11	mod_3	38666	-54821	No Intervention	solid
2020-08-11	mod_4	13751	-31859	Moderate return	solid
2020-08-11	mod_5	12924	-76715	Normal (pre-intervention)	solid
2020-08-11	mod_6	11397	4435	Cautious return	solid
2020-08-12	mod_2	26227	142893	Soc. Dist. + Travel Ban	solid
2020-08-12	mod_3	37221	-150517	No Intervention	solid
2020-08-12	mod_4	13116	-173369	Moderate return	solid
2020-08-12	mod_5	12738	-81262	Normal (pre-intervention)	solid
2020-08-12	mod_6	11368	134706	Cautious return	solid
2020-08-13	mod_2	25798	-76729	Soc. Dist. + Travel Ban	solid
2020-08-13	mod_3	36221	164426	No Intervention	solid
2020-08-13	mod_4	13234	-68644	Moderate return	solid
2020-08-13	mod_5	12214	-86363	Normal (pre-intervention)	solid
2020-08-13	mod_6	11270	170295	Cautious return	solid
2020-08-14	mod_2	24725	118862	Soc. Dist. + Travel Ban	solid
2020-08-14	mod_3	34540	-21608	No Intervention	solid
2020-08-14	mod_4	12449	37468	Moderate return	solid
2020-08-14	mod_5	11904	-160776	Normal (pre-intervention)	solid
2020-08-14	mod_6	11097	359649	Cautious return	solid
2020-08-15	mod_2	24392	-120586	Soc. Dist. + Travel Ban	solid
2020-08-15	mod_3	34709	-13678	No Intervention	solid
2020-08-15	mod_4	12499	-50942	Moderate return	solid
2020-08-15	mod_5	10996	-92295	Normal (pre-intervention)	solid
2020-08-15	mod_6	10957	291832	Cautious return	solid
2020-08-16	mod_2	24390	109207	Soc. Dist. + Travel Ban	solid
2020-08-16	mod_3	32819	-176303	No Intervention	solid
2020-08-16	mod_4	11626	72419	Moderate return	solid
2020-08-16	mod_5	11295	-104236	Normal (pre-intervention)	solid
2020-08-16	mod_6	10708	70539	Cautious return	solid
2020-08-17	mod_2	23288	-34723	Soc. Dist. + Travel Ban	solid
2020-08-17	mod_3	32468	27022	No Intervention	solid
2020-08-17	mod_4	11864	-102760	Moderate return	solid
2020-08-17	mod_5	10951	44216	Normal (pre-intervention)	solid
2020-08-17	mod_6	10689	18736	Cautious return	solid
2020-08-18	mod_2	22849	54858	Soc. Dist. + Travel Ban	solid
2020-08-18	mod_3	31354	-35028	No Intervention	solid
2020-08-18	mod_4	11438	162758	Moderate return	solid
2020-08-18	mod_5	10718	-59331	Normal (pre-intervention)	solid
2020-08-18	mod_6	10315	386891	Cautious return	solid
2020-08-19	mod_2	22497	20031	Soc. Dist. + Travel Ban	solid
2020-08-19	mod_3	30256	-41478	No Intervention	solid
2020-08-19	mod_4	11187	-93512	Moderate return	solid
2020-08-19	mod_5	10279	-125667	Normal (pre-intervention)	solid
2020-08-19	mod_6	10345	160082	Cautious return	solid
2020-08-20	mod_2	21864	-34890	Soc. Dist. + Travel Ban	solid
2020-08-20	mod_3	30228	-20617	No Intervention	solid
2020-08-20	mod_4	10696	-30920	Moderate return	solid
2020-08-20	mod_5	10007	63654	Normal (pre-intervention)	solid
2020-08-20	mod_6	10214	-77714	Cautious return	solid
2020-08-21	mod_2	22433	-93155	Soc. Dist. + Travel Ban	solid
2020-08-21	mod_3	29940	88962	No Intervention	solid
2020-08-21	mod_4	10492	-67285	Moderate return	solid
2020-08-21	mod_5	10113	-206418	Normal (pre-intervention)	solid
2020-08-21	mod_6	10145	181988	Cautious return	solid
2020-08-22	mod_2	21495	-11652	Soc. Dist. + Travel Ban	solid
2020-08-22	mod_3	28241	-85877	No Intervention	solid
2020-08-22	mod_4	10112	35769	Moderate return	solid
2020-08-22	mod_5	9910	-54582	Normal (pre-intervention)	solid
2020-08-22	mod_6	9857	29566	Cautious return	solid
2020-08-23	mod_2	21517	171207	Soc. Dist. + Travel Ban	solid
2020-08-23	mod_3	27332	-79277	No Intervention	solid
2020-08-23	mod_4	10127	-169681	Moderate return	solid
2020-08-23	mod_5	9303	-116965	Normal (pre-intervention)	solid
2020-08-23	mod_6	9491	101039	Cautious return	solid
2020-08-24	mod_2	20904	-89543	Soc. Dist. + Travel Ban	solid
2020-08-24	mod_3	27431	43217	No Intervention	solid
2020-08-24	mod_4	9602	-23432	Moderate return	solid
2020-08-24	mod_5	9297	-91704	Normal (pre-intervention)	solid
2020-08-24	mod_6	9168	-70356	Cautious return	solid
2020-08-25	mod_2	20215	-63048	Soc. Dist. + Travel Ban	solid
2020-08-25	mod_3	26096	-117988	No Intervention	solid
2020-08-25	mod_4	9774	-40511	Moderate return	solid
2020-08-25	mod_5	9036	-121383	Normal (pre-intervention)	solid
2020-08-25	mod_6	9229	15944	Cautious return	solid
2020-08-26	mod_2	20477	113011	Soc. Dist. + Travel Ban	solid
2020-08-26	mod_3	24797	-13608	No Intervention	solid
2020-08-26	mod_4	9402	-11891	Moderate return	solid
2020-08-26	mod_5	8682	-89026	Normal (pre-intervention)	solid
2020-08-26	mod_6	9274	-74986	Cautious return	solid
2020-08-27	mod_2	19515	-49992	Soc. Dist. + Travel Ban	solid
2020-08-27	mod_3	24515	-39646	No Intervention	solid
2020-08-27	mod_4	9103	-131103	Moderate return	solid
2020-08-27	mod_5	8885	79984	Normal (pre-intervention)	solid
2020-08-27	mod_6	8772	67254	Cautious return	solid
2020-08-28	mod_2	19289	-49422	Soc. Dist. + Travel Ban	solid
2020-08-28	mod_3	23456	-64206	No Intervention	solid
2020-08-28	mod_4	9074	-72500	Moderate return	solid
2020-08-28	mod_5	8417	53916	Normal (pre-intervention)	solid
2020-08-28	mod_6	8866	93498	Cautious return	solid
2020-08-29	mod_2	18482	-25345	Soc. Dist. + Travel Ban	solid
2020-08-29	mod_3	23756	43103	No Intervention	solid
2020-08-29	mod_4	8967	180258	Moderate return	solid
2020-08-29	mod_5	7971	-185714	Normal (pre-intervention)	solid
2020-08-29	mod_6	8578	60879	Cautious return	solid
2020-08-30	mod_2	18526	142581	Soc. Dist. + Travel Ban	solid
2020-08-30	mod_3	22265	-167034	No Intervention	solid
2020-08-30	mod_4	8694	-15002	Moderate return	solid
2020-08-30	mod_5	7981	-86589	Normal (pre-intervention)	solid
2020-08-30	mod_6	8124	80159	Cautious return	solid
2020-08-31	mod_2	17756	-104996	Soc. Dist. + Travel Ban	solid
2020-08-31	mod_3	22680	-10754	No Intervention	solid
2020-08-31	mod_4	8699	-32374	Moderate return	solid
2020-08-31	mod_5	7753	-22045	Normal (pre-intervention)	solid
2020-08-31	mod_6	8234	19682	Cautious return	solid
2020-09-01	mod_2	17888	70738	Soc. Dist. + Travel Ban	solid
2020-09-01	mod_3	22107	16640	No Intervention	solid
2020-09-01	mod_4	8386	13154	Moderate return	solid
2020-09-01	mod_5	7481	-58727	Normal (pre-intervention)	solid
2020-09-01	mod_6	8217	-69807	Cautious return	solid
2020-09-02	mod_2	17518	-63158	Soc. Dist. + Travel Ban	solid
2020-09-02	mod_3	21455	-18708	No Intervention	solid
2020-09-02	mod_4	7720	159997	Moderate return	solid
2020-09-02	mod_5	7182	-52483	Normal (pre-intervention)	solid
2020-09-02	mod_6	7689	208759	Cautious return	solid
2020-09-03	mod_2	17082	-131916	Soc. Dist. + Travel Ban	solid
2020-09-03	mod_3	20237	27618	No Intervention	solid
2020-09-03	mod_4	7783	15299	Moderate return	solid
2020-09-03	mod_5	6894	-49336	Normal (pre-intervention)	solid
2020-09-03	mod_6	7892	141153	Cautious return	solid
2020-09-04	mod_2	16301	127838	Soc. Dist. + Travel Ban	solid
2020-09-04	mod_3	20034	-116311	No Intervention	solid
2020-09-04	mod_4	8045	81410	Moderate return	solid
2020-09-04	mod_5	7109	-20624	Normal (pre-intervention)	solid
2020-09-04	mod_6	7699	20138	Cautious return	solid
2020-09-05	mod_2	16544	-94454	Soc. Dist. + Travel Ban	solid
2020-09-05	mod_3	19935	64646	No Intervention	solid
2020-09-05	mod_4	7700	-91508	Moderate return	solid
2020-09-05	mod_5	6777	-99951	Normal (pre-intervention)	solid
2020-09-05	mod_6	7554	77980	Cautious return	solid
2020-09-06	mod_2	16211	-3918	Soc. Dist. + Travel Ban	solid
2020-09-06	mod_3	19108	-168063	No Intervention	solid
2020-09-06	mod_4	7774	63721	Moderate return	solid
2020-09-06	mod_5	6480	-15009	Normal (pre-intervention)	solid
2020-09-06	mod_6	7719	72674	Cautious return	solid
2020-09-07	mod_2	15581	-43135	Soc. Dist. + Travel Ban	solid
2020-09-07	mod_3	18948	-94679	No Intervention	solid
2020-09-07	mod_4	7219	-67841	Moderate return	solid
2020-09-07	mod_5	6271	-68904	Normal (pre-intervention)	solid
2020-09-07	mod_6	7096	96375	Cautious return	solid
2020-09-08	mod_2	16414	56843	Soc. Dist. + Travel Ban	solid
2020-09-08	mod_3	18587	9021	No Intervention	solid
2020-09-08	mod_4	7246	60138	Moderate return	solid
2020-09-08	mod_5	6656	10321	Normal (pre-intervention)	solid
2020-09-08	mod_6	7290	-41449	Cautious return	solid
2020-09-09	mod_2	16091	-36931	Soc. Dist. + Travel Ban	solid
2020-09-09	mod_3	17337	-103036	No Intervention	solid
2020-09-09	mod_4	7073	-62401	Moderate return	solid
2020-09-09	mod_5	6107	-57881	Normal (pre-intervention)	solid
2020-09-09	mod_6	7420	-3256	Cautious return	solid
2020-09-10	mod_2	15659	54807	Soc. Dist. + Travel Ban	solid
2020-09-10	mod_3	16702	-16989	No Intervention	solid
2020-09-10	mod_4	6723	22505	Moderate return	solid
2020-09-10	mod_5	6245	539	Normal (pre-intervention)	solid
2020-09-10	mod_6	7015	4215	Cautious return	solid
2020-09-11	mod_2	15145	-85576	Soc. Dist. + Travel Ban	solid
2020-09-11	mod_3	16766	-188542	No Intervention	solid
2020-09-11	mod_4	6645	-60571	Moderate return	solid
2020-09-11	mod_5	6032	-29459	Normal (pre-intervention)	solid
2020-09-11	mod_6	6722	-32444	Cautious return	solid
2020-09-12	mod_2	15209	8504	Soc. Dist. + Travel Ban	solid
2020-09-12	mod_3	17025	-84477	No Intervention	solid
2020-09-12	mod_4	6880	-53625	Moderate return	solid
2020-09-12	mod_5	5683	-50844	Normal (pre-intervention)	solid
2020-09-12	mod_6	6830	162749	Cautious return	solid
2020-09-13	mod_2	15512	108378	Soc. Dist. + Travel Ban	solid
2020-09-13	mod_3	16233	-7163	No Intervention	solid
2020-09-13	mod_4	6693	35119	Moderate return	solid
2020-09-13	mod_5	5284	20672	Normal (pre-intervention)	solid
2020-09-13	mod_6	6638	42152	Cautious return	solid
2020-09-14	mod_2	14545	-157241	Soc. Dist. + Travel Ban	solid
2020-09-14	mod_3	15525	-90196	No Intervention	solid
2020-09-14	mod_4	6412	6697	Moderate return	solid
2020-09-14	mod_5	4984	-119615	Normal (pre-intervention)	solid
2020-09-14	mod_6	6527	192617	Cautious return	solid
2020-09-15	mod_2	14128	-7071	Soc. Dist. + Travel Ban	solid
2020-09-15	mod_3	14462	-149441	No Intervention	solid
2020-09-15	mod_4	6033	-73605	Moderate return	solid
2020-09-15	mod_5	5145	22212	Normal (pre-intervention)	solid
2020-09-15	mod_6	6607	-121476	Cautious return	solid
2020-09-16	mod_2	13603	-103816	Soc. Dist. + Travel Ban	solid
2020-09-16	mod_3	14555	-16766	No Intervention	solid
2020-09-16	mod_4	5874	-33998	Moderate return	solid
2020-09-16	mod_5	4958	30310	Normal (pre-intervention)	solid
2020-09-16	mod_6	6428	-8689	Cautious return	solid
2020-09-17	mod_2	14516	147062	Soc. Dist. + Travel Ban	solid
2020-09-17	mod_3	15136	16707	No Intervention	solid
2020-09-17	mod_4	6110	-41989	Moderate return	solid
2020-09-17	mod_5	4530	5819	Normal (pre-intervention)	solid
2020-09-17	mod_6	6433	134356	Cautious return	solid
2020-09-18	mod_2	13931	-61018	Soc. Dist. + Travel Ban	solid
2020-09-18	mod_3	13396	-127107	No Intervention	solid
2020-09-18	mod_4	6116	90166	Moderate return	solid
2020-09-18	mod_5	4936	-156610	Normal (pre-intervention)	solid
2020-09-18	mod_6	5657	-13419	Cautious return	solid
2020-09-19	mod_2	13519	90473	Soc. Dist. + Travel Ban	solid
2020-09-19	mod_3	13071	36606	No Intervention	solid
2020-09-19	mod_4	5930	-55518	Moderate return	solid
2020-09-19	mod_5	4530	12372	Normal (pre-intervention)	solid
2020-09-19	mod_6	5824	-95800	Cautious return	solid
2020-09-20	mod_2	13419	-31534	Soc. Dist. + Travel Ban	solid
2020-09-20	mod_3	13898	-33509	No Intervention	solid
2020-09-20	mod_4	6051	-35057	Moderate return	solid
2020-09-20	mod_5	4654	-17526	Normal (pre-intervention)	solid
2020-09-20	mod_6	5430	-51844	Cautious return	solid
2020-09-21	mod_2	13117	18420	Soc. Dist. + Travel Ban	solid
2020-09-21	mod_3	13411	-84280	No Intervention	solid
2020-09-21	mod_4	5496	-84066	Moderate return	solid
2020-09-21	mod_5	4382	-70077	Normal (pre-intervention)	solid
2020-09-21	mod_6	5547	36915	Cautious return	solid
2020-09-22	mod_2	12671	-80464	Soc. Dist. + Travel Ban	solid
2020-09-22	mod_3	12639	32085	No Intervention	solid
2020-09-22	mod_4	5943	-69718	Moderate return	solid
2020-09-22	mod_5	4122	47371	Normal (pre-intervention)	solid
2020-09-22	mod_6	5214	80432	Cautious return	solid
2020-09-23	mod_2	13193	11413	Soc. Dist. + Travel Ban	solid
2020-09-23	mod_3	12977	-58603	No Intervention	solid
2020-09-23	mod_4	5273	-20678	Moderate return	solid
2020-09-23	mod_5	4348	-29163	Normal (pre-intervention)	solid
2020-09-23	mod_6	5113	-56485	Cautious return	solid
2020-09-24	mod_2	12115	-69001	Soc. Dist. + Travel Ban	solid
2020-09-24	mod_3	12677	51845	No Intervention	solid
2020-09-24	mod_4	4886	-17664	Moderate return	solid
2020-09-24	mod_5	4031	-54681	Normal (pre-intervention)	solid
2020-09-24	mod_6	5317	71105	Cautious return	solid
2020-09-25	mod_2	12076	56765	Soc. Dist. + Travel Ban	solid
2020-09-25	mod_3	12309	-159073	No Intervention	solid
2020-09-25	mod_4	5249	-53305	Moderate return	solid
2020-09-25	mod_5	4015	-20095	Normal (pre-intervention)	solid
2020-09-25	mod_6	5077	-47352	Cautious return	solid
2020-09-26	mod_2	12159	-51614	Soc. Dist. + Travel Ban	solid
2020-09-26	mod_3	12041	32454	No Intervention	solid
2020-09-26	mod_4	4985	-52713	Moderate return	solid
2020-09-26	mod_5	3791	-26269	Normal (pre-intervention)	solid
2020-09-26	mod_6	5161	104666	Cautious return	solid
2020-09-27	mod_2	12116	44834	Soc. Dist. + Travel Ban	solid
2020-09-27	mod_3	11119	-1056	No Intervention	solid
2020-09-27	mod_4	5253	-35814	Moderate return	solid
2020-09-27	mod_5	3731	15105	Normal (pre-intervention)	solid
2020-09-27	mod_6	5168	-111515	Cautious return	solid
2020-09-28	mod_2	11610	-43814	Soc. Dist. + Travel Ban	solid
2020-09-28	mod_3	10875	-33122	No Intervention	solid
2020-09-28	mod_4	5130	-40236	Moderate return	solid
2020-09-28	mod_5	3350	-38999	Normal (pre-intervention)	solid
2020-09-28	mod_6	5265	-109797	Cautious return	solid
2020-09-29	mod_2	11513	8901	Soc. Dist. + Travel Ban	solid
2020-09-29	mod_3	10407	-60126	No Intervention	solid
2020-09-29	mod_4	5152	11093	Moderate return	solid
2020-09-29	mod_5	3424	-78797	Normal (pre-intervention)	solid
2020-09-29	mod_6	5003	243290	Cautious return	solid
2020-09-30	mod_2	11484	55304	Soc. Dist. + Travel Ban	solid
2020-09-30	mod_3	11600	39429	No Intervention	solid
2020-09-30	mod_4	4797	65995	Moderate return	solid
2020-09-30	mod_5	3490	30770	Normal (pre-intervention)	solid
2020-09-30	mod_6	4798	-92594	Cautious return	solid
2020-10-01	mod_2	NA	NA	Soc. Dist. + Travel Ban	solid
2020-10-01	mod_3	NA	NA	No Intervention	solid
2020-10-01	mod_4	NA	NA	Moderate return	solid
2020-10-01	mod_5	NA	NA	Normal (pre-intervention)	solid
2020-10-01	mod_6	NA	NA	Cautious return	solid
2020-10-02	mod_2	NA	NA	Soc. Dist. + Travel Ban	solid
2020-10-02	mod_3	NA	NA	No Intervention	solid
2020-10-02	mod_4	NA	NA	Moderate return	solid
2020-10-02	mod_5	NA	NA	Normal (pre-intervention)	solid
2020-10-02	mod_6	NA	NA	Cautious return	solid
2020-10-03	mod_2	NA	NA	Soc. Dist. + Travel Ban	solid
2020-10-03	mod_3	NA	NA	No Intervention	solid
2020-10-03	mod_4	NA	NA	Moderate return	solid
2020-10-03	mod_5	NA	NA	Normal (pre-intervention)	solid
2020-10-03	mod_6	NA	NA	Cautious return	solid
2020-10-04	mod_2	NA	NA	Soc. Dist. + Travel Ban	solid
2020-10-04	mod_3	NA	NA	No Intervention	solid
2020-10-04	mod_4	NA	NA	Moderate return	solid
2020-10-04	mod_5	NA	NA	Normal (pre-intervention)	solid
2020-10-04	mod_6	NA	NA	Cautious return	solid
2020-10-05	mod_2	NA	NA	Soc. Dist. + Travel Ban	solid
2020-10-05	mod_3	NA	NA	No Intervention	solid
2020-10-05	mod_4	NA	NA	Moderate return	solid
2020-10-05	mod_5	NA	NA	Normal (pre-intervention)	solid
2020-10-05	mod_6	NA	NA	Cautious return	solid
2020-10-06	mod_2	NA	NA	Soc. Dist. + Travel Ban	solid
2020-10-06	mod_3	NA	NA	No Intervention	solid
2020-10-06	mod_4	NA	NA	Moderate return	solid
2020-10-06	mod_5	NA	NA	Normal (pre-intervention)	solid
2020-10-06	mod_6	NA	NA	Cautious return	solid
2020-10-07	mod_2	NA	NA	Soc. Dist. + Travel Ban	solid
2020-10-07	mod_3	NA	NA	No Intervention	solid
2020-10-07	mod_4	NA	NA	Moderate return	solid
2020-10-07	mod_5	NA	NA	Normal (pre-intervention)	solid
2020-10-07	mod_6	NA	NA	Cautious return	solid
2020-10-08	mod_2	NA	NA	Soc. Dist. + Travel Ban	solid
2020-10-08	mod_3	NA	NA	No Intervention	solid
2020-10-08	mod_4	NA	NA	Moderate return	solid
2020-10-08	mod_5	NA	NA	Normal (pre-intervention)	solid
2020-10-08	mod_6	NA	NA	Cautious return	solid
2020-10-09	mod_2	NA	NA	Soc. Dist. + Travel Ban	solid
2020-10-09	mod_3	NA	NA	No Intervention	solid
2020-10-09	mod_4	NA	NA	Moderate return	solid
2020-10-09	mod_5	NA	NA	Normal (pre-intervention)	solid
2020-10-09	mod_6	NA	NA	Cautious return	solid
2020-10-10	mod_2	NA	NA	Soc. Dist. + Travel Ban	solid
2020-10-10	mod_3	NA	NA	No Intervention	solid
2020-10-10	mod_4	NA	NA	Moderate return	solid
2020-10-10	mod_5	NA	NA	Normal (pre-intervention)	solid
2020-10-10	mod_6	NA	NA	Cautious return	solid
2020-10-11	mod_2	NA	NA	Soc. Dist. + Travel Ban	solid
2020-10-11	mod_3	NA	NA	No Intervention	solid
2020-10-11	mod_4	NA	NA	Moderate return	solid
2020-10-11	mod_5	NA	NA	Normal (pre-intervention)	solid
2020-10-11	mod_6	NA	NA	Cautious return	solid
2020-10-12	mod_2	NA	NA	Soc. Dist. + Travel Ban	solid
2020-10-12	mod_3	NA	NA	No Intervention	solid
2020-10-12	mod_4	NA	NA	Moderate return	solid
2020-10-12	mod_5	NA	NA	Normal (pre-intervention)	solid
2020-10-12	mod_6	NA	NA	Cautious return	solid
2020-10-13	mod_2	NA	NA	Soc. Dist. + Travel Ban	solid
2020-10-13	mod_3	NA	NA	No Intervention	solid
2020-10-13	mod_4	NA	NA	Moderate return	solid
2020-10-13	mod_5	NA	NA	Normal (pre-intervention)	solid
2020-10-13	mod_6	NA	NA	Cautious return	solid
2020-10-14	mod_2	NA	NA	Soc. Dist. + Travel Ban	solid
2020-10-14	mod_3	NA	NA	No Intervention	solid
2020-10-14	mod_4	NA	NA	Moderate return	solid
2020-10-14	mod_5	NA	NA	Normal (pre-intervention)	solid
2020-10-14	mod_6	NA	NA	Cautious return	solid
2020-10-15	mod_2	NA	NA	Soc. Dist. + Travel Ban	solid
2020-10-15	mod_3	NA	NA	No Intervention	solid
2020-10-15	mod_4	NA	NA	Moderate return	solid
2020-10-15	mod_5	NA	NA	Normal (pre-intervention)	solid
2020-10-15	mod_6	NA	NA	Cautious return	solid
2020-10-16	mod_2	NA	NA	Soc. Dist. + Travel Ban	solid
2020-10-16	mod_3	NA	NA	No Intervention	solid
2020-10-16	mod_4	NA	NA	Moderate return	solid
2020-10-16	mod_5	NA	NA	Normal (pre-intervention)	solid
2020-10-16	mod_6	NA	NA	Cautious return	solid
2020-10-17	mod_2	NA	NA	Soc. Dist. + Travel Ban	solid
2020-10-17	mod_3	NA	NA	No Intervention	solid
2020-10-17	mod_4	NA	NA	Moderate return	solid
2020-10-17	mod_5	NA	NA	Normal (pre-intervention)	solid
2020-10-17	mod_6	NA	NA	Cautious return	solid
2020-10-18	mod_2	NA	NA	Soc. Dist. + Travel Ban	solid
2020-10-18	mod_3	NA	NA	No Intervention	solid
2020-10-18	mod_4	NA	NA	Moderate return	solid
2020-10-18	mod_5	NA	NA	Normal (pre-intervention)	solid
2020-10-18	mod_6	NA	NA	Cautious return	solid
2020-10-19	mod_2	NA	NA	Soc. Dist. + Travel Ban	solid
2020-10-19	mod_3	NA	NA	No Intervention	solid
2020-10-19	mod_4	NA	NA	Moderate return	solid
2020-10-19	mod_5	NA	NA	Normal (pre-intervention)	solid
2020-10-19	mod_6	NA	NA	Cautious return	solid
2020-10-20	mod_2	NA	NA	Soc. Dist. + Travel Ban	solid
2020-10-20	mod_3	NA	NA	No Intervention	solid
2020-10-20	mod_4	NA	NA	Moderate return	solid
2020-10-20	mod_5	NA	NA	Normal (pre-intervention)	solid
2020-10-20	mod_6	NA	NA	Cautious return	solid
2020-10-21	mod_2	NA	NA	Soc. Dist. + Travel Ban	solid
2020-10-21	mod_3	NA	NA	No Intervention	solid
2020-10-21	mod_4	NA	NA	Moderate return	solid
2020-10-21	mod_5	NA	NA	Normal (pre-intervention)	solid
2020-10-21	mod_6	NA	NA	Cautious return	solid
2020-10-22	mod_2	NA	NA	Soc. Dist. + Travel Ban	solid
2020-10-22	mod_3	NA	NA	No Intervention	solid
2020-10-22	mod_4	NA	NA	Moderate return	solid
2020-10-22	mod_5	NA	NA	Normal (pre-intervention)	solid
2020-10-22	mod_6	NA	NA	Cautious return	solid
2020-10-23	mod_2	NA	NA	Soc. Dist. + Travel Ban	solid
2020-10-23	mod_3	NA	NA	No Intervention	solid
2020-10-23	mod_4	NA	NA	Moderate return	solid
2020-10-23	mod_5	NA	NA	Normal (pre-intervention)	solid
2020-10-23	mod_6	NA	NA	Cautious return	solid
2020-10-24	mod_2	NA	NA	Soc. Dist. + Travel Ban	solid
2020-10-24	mod_3	NA	NA	No Intervention	solid
2020-10-24	mod_4	NA	NA	Moderate return	solid
2020-10-24	mod_5	NA	NA	Normal (pre-intervention)	solid
2020-10-24	mod_6	NA	NA	Cautious return	solid
2020-10-25	mod_2	NA	NA	Soc. Dist. + Travel Ban	solid
2020-10-25	mod_3	NA	NA	No Intervention	solid
2020-10-25	mod_4	NA	NA	Moderate return	solid
2020-10-25	mod_5	NA	NA	Normal (pre-intervention)	solid
2020-10-25	mod_6	NA	NA	Cautious return	solid
2020-10-26	mod_2	NA	NA	Soc. Dist. + Travel Ban	solid
2020-10-26	mod_3	NA	NA	No Intervention	solid
2020-10-26	mod_4	NA	NA	Moderate return	solid
2020-10-26	mod_5	NA	NA	Normal (pre-intervention)	solid
2020-10-26	mod_6	NA	NA	Cautious return	solid
2020-10-27	mod_2	NA	NA	Soc. Dist. + Travel Ban	solid
2020-10-27	mod_3	NA	NA	No Intervention	solid
2020-10-27	mod_4	NA	NA	Moderate return	solid
2020-10-27	mod_5	NA	NA	Normal (pre-intervention)	solid
2020-10-27	mod_6	NA	NA	Cautious return	solid
2020-10-28	mod_2	NA	NA	Soc. Dist. + Travel Ban	solid
2020-10-28	mod_3	NA	NA	No Intervention	solid
2020-10-28	mod_4	NA	NA	Moderate return	solid
2020-10-28	mod_5	NA	NA	Normal (pre-intervention)	solid
2020-10-28	mod_6	NA	NA	Cautious return	solid
2020-10-29	mod_2	NA	NA	Soc. Dist. + Travel Ban	solid
2020-10-29	mod_3	NA	NA	No Intervention	solid
2020-10-29	mod_4	NA	NA	Moderate return	solid
2020-10-29	mod_5	NA	NA	Normal (pre-intervention)	solid
2020-10-29	mod_6	NA	NA	Cautious return	solid
2020-10-30	mod_2	NA	NA	Soc. Dist. + Travel Ban	solid
2020-10-30	mod_3	NA	NA	No Intervention	solid
2020-10-30	mod_4	NA	NA	Moderate return	solid
2020-10-30	mod_5	NA	NA	Normal (pre-intervention)	solid
2020-10-30	mod_6	NA	NA	Cautious return	solid
2020-10-31	mod_2	NA	NA	Soc. Dist. + Travel Ban	solid
2020-10-31	mod_3	NA	NA	No Intervention	solid
2020-10-31	mod_4	NA	NA	Moderate return	solid
2020-10-31	mod_5	NA	NA	Normal (pre-intervention)	solid
2020-10-31	mod_6	NA	NA	Cautious return	solid
2020-11-01	mod_2	NA	NA	Soc. Dist. + Travel Ban	solid
2020-11-01	mod_3	NA	NA	No Intervention	solid
2020-11-01	mod_4	NA	NA	Moderate return	solid
2020-11-01	mod_5	NA	NA	Normal (pre-intervention)	solid
2020-11-01	mod_6	NA	NA	Cautious return	solid
2020-11-02	mod_2	NA	NA	Soc. Dist. + Travel Ban	solid
2020-11-02	mod_3	NA	NA	No Intervention	solid
2020-11-02	mod_4	NA	NA	Moderate return	solid
2020-11-02	mod_5	NA	NA	Normal (pre-intervention)	solid
2020-11-02	mod_6	NA	NA	Cautious return	solid
2020-11-03	mod_2	NA	NA	Soc. Dist. + Travel Ban	solid
2020-11-03	mod_3	NA	NA	No Intervention	solid
2020-11-03	mod_4	NA	NA	Moderate return	solid
2020-11-03	mod_5	NA	NA	Normal (pre-intervention)	solid
2020-11-03	mod_6	NA	NA	Cautious return	solid
2020-11-04	mod_2	NA	NA	Soc. Dist. + Travel Ban	solid
2020-11-04	mod_3	NA	NA	No Intervention	solid
2020-11-04	mod_4	NA	NA	Moderate return	solid
2020-11-04	mod_5	NA	NA	Normal (pre-intervention)	solid
2020-11-04	mod_6	NA	NA	Cautious return	solid
2020-11-05	mod_2	NA	NA	Soc. Dist. + Travel Ban	solid
2020-11-05	mod_3	NA	NA	No Intervention	solid
2020-11-05	mod_4	NA	NA	Moderate return	solid
2020-11-05	mod_5	NA	NA	Normal (pre-intervention)	solid
2020-11-05	mod_6	NA	NA	Cautious return	solid
