Dates	variable	value	upper_ci	color	type
2020-03-23	mod_2	499	NA	Soc. Dist. + Travel Ban	solid
2020-03-23	mod_2_up	499	NA	NA	solid
2020-03-23	mod_3	499	NA	No Intervention	solid
2020-03-23	mod_3_up	499	NA	NA	solid
2020-03-23	mod_4	499	NA	Moderate return	solid
2020-03-23	mod_4_up	499	NA	NA	solid
2020-03-23	mod_5	499	NA	Normal (pre-intervention)	solid
2020-03-23	mod_5_up	499	NA	NA	solid
2020-03-23	mod_6	499	NA	Cautious return	solid
2020-03-23	mod_6_up	499	NA	NA	solid
2020-04-04	True	NA	NA	Observed	solid
2020-04-05	True	0	NA	Observed	solid
2020-04-06	True	0	NA	Observed	solid
2020-04-07	True	6	NA	Observed	solid
2020-04-08	True	1	NA	Observed	solid
2020-04-09	True	19	NA	Observed	solid
2020-04-10	True	2	NA	Observed	solid
2020-04-11	True	4	NA	Observed	solid
2020-04-12	True	0	NA	Observed	solid
2020-04-13	True	2	NA	Observed	solid
2020-04-14	True	0	NA	Observed	solid
2020-04-15	True	6	NA	Observed	solid
2020-04-16	True	11	NA	Observed	solid
2020-04-17	True	2	NA	Observed	solid
2020-04-18	True	1	NA	Observed	solid
2020-04-19	True	10	NA	Observed	solid
2020-04-20	True	17	NA	Observed	solid
2020-04-21	True	13	NA	Observed	solid
2020-04-22	True	17	NA	Observed	solid
2020-04-23	True	27	NA	Observed	solid
2020-04-24	True	53	NA	Observed	solid
2020-04-25	True	28	NA	Observed	solid
2020-04-26	True	26	NA	Observed	solid
2020-04-27	True	69	NA	Observed	solid
2020-04-28	True	20	NA	Observed	solid
2020-04-29	True	37	NA	Observed	solid
2020-04-30	True	22	NA	Observed	solid
2020-05-01	True	41	NA	Observed	solid
2020-05-02	True	15	NA	Observed	solid
2020-05-03	True	36	NA	Observed	solid
2020-05-04	True	11	NA	Observed	solid
2020-05-05	True	7	NA	Observed	solid
2020-05-06	True	7	NA	Observed	solid
2020-05-07	True	8	NA	Observed	solid
2020-05-08	True	29	NA	Observed	solid
2020-05-09	True	32	NA	Observed	solid
2020-05-10	True	96	NA	Observed	solid
2020-05-11	True	42	NA	Observed	solid
2020-05-12	True	130	NA	Observed	solid
2020-05-13	True	74	NA	Observed	solid
2020-05-14	True	46	NA	Observed	solid
2020-05-15	True	34	NA	Observed	solid
2020-05-16	True	145	NA	Observed	solid
2020-05-17	True	142	NA	Observed	solid
2020-05-18	True	103	NA	Observed	solid
2020-05-19	mod_2	NA	NA	Soc. Dist. + Travel Ban	solid
2020-05-19	mod_3	NA	NA	No Intervention	solid
2020-05-19	mod_4	NA	NA	Moderate return	solid
2020-05-19	mod_5	NA	NA	Normal (pre-intervention)	solid
2020-05-19	mod_6	NA	NA	Cautious return	solid
2020-05-20	mod_2	261	1282	Soc. Dist. + Travel Ban	solid
2020-05-20	mod_3	367	1612	No Intervention	solid
2020-05-20	mod_4	182	995	Moderate return	solid
2020-05-20	mod_5	222	1136	Normal (pre-intervention)	solid
2020-05-20	mod_6	159	950	Cautious return	solid
2020-05-21	mod_2	286	1395	Soc. Dist. + Travel Ban	solid
2020-05-21	mod_3	451	2054	No Intervention	solid
2020-05-21	mod_4	192	1107	Moderate return	solid
2020-05-21	mod_5	246	1279	Normal (pre-intervention)	solid
2020-05-21	mod_6	158	880	Cautious return	solid
2020-05-22	mod_2	318	1654	Soc. Dist. + Travel Ban	solid
2020-05-22	mod_3	561	2732	No Intervention	solid
2020-05-22	mod_4	203	1162	Moderate return	solid
2020-05-22	mod_5	281	1507	Normal (pre-intervention)	solid
2020-05-22	mod_6	163	1039	Cautious return	solid
2020-05-23	mod_2	355	1896	Soc. Dist. + Travel Ban	solid
2020-05-23	mod_3	707	3627	No Intervention	solid
2020-05-23	mod_4	214	1247	Moderate return	solid
2020-05-23	mod_5	324	1744	Normal (pre-intervention)	solid
2020-05-23	mod_6	167	1058	Cautious return	solid
2020-05-24	mod_2	396	2230	Soc. Dist. + Travel Ban	solid
2020-05-24	mod_3	898	5024	No Intervention	solid
2020-05-24	mod_4	233	1374	Moderate return	solid
2020-05-24	mod_5	375	2075	Normal (pre-intervention)	solid
2020-05-24	mod_6	172	1073	Cautious return	solid
2020-05-25	mod_2	446	2608	Soc. Dist. + Travel Ban	solid
2020-05-25	mod_3	1152	7024	No Intervention	solid
2020-05-25	mod_4	253	1624	Moderate return	solid
2020-05-25	mod_5	444	2519	Normal (pre-intervention)	solid
2020-05-25	mod_6	176	1153	Cautious return	solid
2020-05-26	mod_2	503	3060	Soc. Dist. + Travel Ban	solid
2020-05-26	mod_3	1496	9358	No Intervention	solid
2020-05-26	mod_4	279	1734	Moderate return	solid
2020-05-26	mod_5	534	3260	Normal (pre-intervention)	solid
2020-05-26	mod_6	180	1255	Cautious return	solid
2020-05-27	mod_2	578	3693	Soc. Dist. + Travel Ban	solid
2020-05-27	mod_3	1973	13105	No Intervention	solid
2020-05-27	mod_4	309	2112	Moderate return	solid
2020-05-27	mod_5	662	4218	Normal (pre-intervention)	solid
2020-05-27	mod_6	191	1333	Cautious return	solid
2020-05-28	mod_2	660	4381	Soc. Dist. + Travel Ban	solid
2020-05-28	mod_3	2624	18134	No Intervention	solid
2020-05-28	mod_4	348	2295	Moderate return	solid
2020-05-28	mod_5	831	5396	Normal (pre-intervention)	solid
2020-05-28	mod_6	202	1471	Cautious return	solid
2020-05-29	mod_2	760	5080	Soc. Dist. + Travel Ban	solid
2020-05-29	mod_3	3538	24849	No Intervention	solid
2020-05-29	mod_4	395	2720	Moderate return	solid
2020-05-29	mod_5	1062	7313	Normal (pre-intervention)	solid
2020-05-29	mod_6	216	1529	Cautious return	solid
2020-05-30	mod_2	882	6145	Soc. Dist. + Travel Ban	solid
2020-05-30	mod_3	4815	34459	No Intervention	solid
2020-05-30	mod_4	451	3174	Moderate return	solid
2020-05-30	mod_5	1403	10003	Normal (pre-intervention)	solid
2020-05-30	mod_6	228	1633	Cautious return	solid
2020-05-31	mod_2	1025	7456	Soc. Dist. + Travel Ban	solid
2020-05-31	mod_3	6621	47963	No Intervention	solid
2020-05-31	mod_4	525	3989	Moderate return	solid
2020-05-31	mod_5	1880	13748	Normal (pre-intervention)	solid
2020-05-31	mod_6	245	1961	Cautious return	solid
2020-06-01	mod_2	1200	8846	Soc. Dist. + Travel Ban	solid
2020-06-01	mod_3	9151	66562	No Intervention	solid
2020-06-01	mod_4	621	4476	Moderate return	solid
2020-06-01	mod_5	2595	19116	Normal (pre-intervention)	solid
2020-06-01	mod_6	267	2020	Cautious return	solid
2020-06-02	mod_2	1418	10368	Soc. Dist. + Travel Ban	solid
2020-06-02	mod_3	12640	91206	No Intervention	solid
2020-06-02	mod_4	730	5547	Moderate return	solid
2020-06-02	mod_5	3550	26783	Normal (pre-intervention)	solid
2020-06-02	mod_6	288	2170	Cautious return	solid
2020-06-03	mod_2	1688	12746	Soc. Dist. + Travel Ban	solid
2020-06-03	mod_3	17433	125659	No Intervention	solid
2020-06-03	mod_4	853	6617	Moderate return	solid
2020-06-03	mod_5	4888	36393	Normal (pre-intervention)	solid
2020-06-03	mod_6	313	2585	Cautious return	solid
2020-06-04	mod_2	2018	15069	Soc. Dist. + Travel Ban	solid
2020-06-04	mod_3	23813	178184	No Intervention	solid
2020-06-04	mod_4	1005	7611	Moderate return	solid
2020-06-04	mod_5	6769	50682	Normal (pre-intervention)	solid
2020-06-04	mod_6	339	2645	Cautious return	solid
2020-06-05	mod_2	2416	18007	Soc. Dist. + Travel Ban	solid
2020-06-05	mod_3	32033	241314	No Intervention	solid
2020-06-05	mod_4	1193	9708	Moderate return	solid
2020-06-05	mod_5	9405	69527	Normal (pre-intervention)	solid
2020-06-05	mod_6	367	3121	Cautious return	solid
2020-06-06	mod_2	2911	21790	Soc. Dist. + Travel Ban	solid
2020-06-06	mod_3	42399	334749	No Intervention	solid
2020-06-06	mod_4	1420	11046	Moderate return	solid
2020-06-06	mod_5	13011	95985	Normal (pre-intervention)	solid
2020-06-06	mod_6	405	3482	Cautious return	solid
2020-06-07	mod_2	3522	26090	Soc. Dist. + Travel Ban	solid
2020-06-07	mod_3	55051	459900	No Intervention	solid
2020-06-07	mod_4	1717	13620	Moderate return	solid
2020-06-07	mod_5	17857	131615	Normal (pre-intervention)	solid
2020-06-07	mod_6	438	3501	Cautious return	solid
2020-06-08	mod_2	4261	31666	Soc. Dist. + Travel Ban	solid
2020-06-08	mod_3	70048	624113	No Intervention	solid
2020-06-08	mod_4	2063	15833	Moderate return	solid
2020-06-08	mod_5	24186	182205	Normal (pre-intervention)	solid
2020-06-08	mod_6	480	3903	Cautious return	solid
2020-06-09	mod_2	5177	37776	Soc. Dist. + Travel Ban	solid
2020-06-09	mod_3	87350	844549	No Intervention	solid
2020-06-09	mod_4	2498	19066	Moderate return	solid
2020-06-09	mod_5	32281	248765	Normal (pre-intervention)	solid
2020-06-09	mod_6	537	4160	Cautious return	solid
2020-06-10	mod_2	6275	45294	Soc. Dist. + Travel Ban	solid
2020-06-10	mod_3	106732	1113625	No Intervention	solid
2020-06-10	mod_4	3042	22597	Moderate return	solid
2020-06-10	mod_5	42286	338173	Normal (pre-intervention)	solid
2020-06-10	mod_6	597	5008	Cautious return	solid
2020-06-11	mod_2	7579	54486	Soc. Dist. + Travel Ban	solid
2020-06-11	mod_3	127866	1461598	No Intervention	solid
2020-06-11	mod_4	3694	28181	Moderate return	solid
2020-06-11	mod_5	54313	465035	Normal (pre-intervention)	solid
2020-06-11	mod_6	665	5242	Cautious return	solid
2020-06-12	mod_2	9112	65164	Soc. Dist. + Travel Ban	solid
2020-06-12	mod_3	150310	1811499	No Intervention	solid
2020-06-12	mod_4	4496	31874	Moderate return	solid
2020-06-12	mod_5	68322	628468	Normal (pre-intervention)	solid
2020-06-12	mod_6	747	5738	Cautious return	solid
2020-06-13	mod_2	10898	76680	Soc. Dist. + Travel Ban	solid
2020-06-13	mod_3	173549	2227180	No Intervention	solid
2020-06-13	mod_4	5442	39193	Moderate return	solid
2020-06-13	mod_5	84154	846505	Normal (pre-intervention)	solid
2020-06-13	mod_6	837	6917	Cautious return	solid
2020-06-14	mod_2	12973	92130	Soc. Dist. + Travel Ban	solid
2020-06-14	mod_3	197351	2510587	No Intervention	solid
2020-06-14	mod_4	6595	45233	Moderate return	solid
2020-06-14	mod_5	101580	1123834	Normal (pre-intervention)	solid
2020-06-14	mod_6	945	6830	Cautious return	solid
2020-06-15	mod_2	15367	115290	Soc. Dist. + Travel Ban	solid
2020-06-15	mod_3	221026	2704530	No Intervention	solid
2020-06-15	mod_4	7935	56596	Moderate return	solid
2020-06-15	mod_5	120201	1439163	Normal (pre-intervention)	solid
2020-06-15	mod_6	1066	8206	Cautious return	solid
2020-06-16	mod_2	18050	132035	Soc. Dist. + Travel Ban	solid
2020-06-16	mod_3	244426	2916463	No Intervention	solid
2020-06-16	mod_4	9512	65164	Moderate return	solid
2020-06-16	mod_5	139675	1831457	Normal (pre-intervention)	solid
2020-06-16	mod_6	1202	8148	Cautious return	solid
2020-06-17	mod_2	21041	166188	Soc. Dist. + Travel Ban	solid
2020-06-17	mod_3	267043	3031997	No Intervention	solid
2020-06-17	mod_4	11305	79636	Moderate return	solid
2020-06-17	mod_5	159602	2184598	Normal (pre-intervention)	solid
2020-06-17	mod_6	1362	9954	Cautious return	solid
2020-06-18	mod_2	24337	187448	Soc. Dist. + Travel Ban	solid
2020-06-18	mod_3	288698	3118802	No Intervention	solid
2020-06-18	mod_4	13381	91506	Moderate return	solid
2020-06-18	mod_5	179442	2476521	Normal (pre-intervention)	solid
2020-06-18	mod_6	1554	10522	Cautious return	solid
2020-06-19	mod_2	27960	229944	Soc. Dist. + Travel Ban	solid
2020-06-19	mod_3	308951	3199967	No Intervention	solid
2020-06-19	mod_4	15711	112723	Moderate return	solid
2020-06-19	mod_5	199038	2661202	Normal (pre-intervention)	solid
2020-06-19	mod_6	1743	11555	Cautious return	solid
2020-06-20	mod_2	31863	271622	Soc. Dist. + Travel Ban	solid
2020-06-20	mod_3	327531	3101055	No Intervention	solid
2020-06-20	mod_4	18311	133116	Moderate return	solid
2020-06-20	mod_5	218090	2822553	Normal (pre-intervention)	solid
2020-06-20	mod_6	1977	12940	Cautious return	solid
2020-06-21	mod_2	36081	327369	Soc. Dist. + Travel Ban	solid
2020-06-21	mod_3	344559	3009409	No Intervention	solid
2020-06-21	mod_4	21129	161002	Moderate return	solid
2020-06-21	mod_5	236230	2915403	Normal (pre-intervention)	solid
2020-06-21	mod_6	2233	14106	Cautious return	solid
2020-06-22	mod_2	40462	383895	Soc. Dist. + Travel Ban	solid
2020-06-22	mod_3	359640	2910215	No Intervention	solid
2020-06-22	mod_4	24263	191440	Moderate return	solid
2020-06-22	mod_5	253306	3017587	Normal (pre-intervention)	solid
2020-06-22	mod_6	2519	15564	Cautious return	solid
2020-06-23	mod_2	45077	451113	Soc. Dist. + Travel Ban	solid
2020-06-23	mod_3	372884	2601862	No Intervention	solid
2020-06-23	mod_4	27600	228931	Moderate return	solid
2020-06-23	mod_5	269207	3121996	Normal (pre-intervention)	solid
2020-06-23	mod_6	2831	17145	Cautious return	solid
2020-06-24	mod_2	49817	534042	Soc. Dist. + Travel Ban	solid
2020-06-24	mod_3	384219	2322649	No Intervention	solid
2020-06-24	mod_4	31144	266855	Moderate return	solid
2020-06-24	mod_5	283535	2983911	Normal (pre-intervention)	solid
2020-06-24	mod_6	3188	19659	Cautious return	solid
2020-06-25	mod_2	54646	617735	Soc. Dist. + Travel Ban	solid
2020-06-25	mod_3	393686	2154174	No Intervention	solid
2020-06-25	mod_4	34901	317881	Moderate return	solid
2020-06-25	mod_5	296384	2954884	Normal (pre-intervention)	solid
2020-06-25	mod_6	3570	20646	Cautious return	solid
2020-06-26	mod_2	59566	716177	Soc. Dist. + Travel Ban	solid
2020-06-26	mod_3	401224	1848070	No Intervention	solid
2020-06-26	mod_4	38775	367494	Moderate return	solid
2020-06-26	mod_5	307568	2791184	Normal (pre-intervention)	solid
2020-06-26	mod_6	3995	23074	Cautious return	solid
2020-06-27	mod_2	64480	809126	Soc. Dist. + Travel Ban	solid
2020-06-27	mod_3	407071	1633568	No Intervention	solid
2020-06-27	mod_4	42836	442395	Moderate return	solid
2020-06-27	mod_5	317150	2637148	Normal (pre-intervention)	solid
2020-06-27	mod_6	4455	27111	Cautious return	solid
2020-06-28	mod_2	69467	910649	Soc. Dist. + Travel Ban	solid
2020-06-28	mod_3	411235	1389793	No Intervention	solid
2020-06-28	mod_4	46930	514954	Moderate return	solid
2020-06-28	mod_5	325067	2371147	Normal (pre-intervention)	solid
2020-06-28	mod_6	4981	29413	Cautious return	solid
2020-06-29	mod_2	74350	1008718	Soc. Dist. + Travel Ban	solid
2020-06-29	mod_3	413768	1174099	No Intervention	solid
2020-06-29	mod_4	51119	591692	Moderate return	solid
2020-06-29	mod_5	331345	2161641	Normal (pre-intervention)	solid
2020-06-29	mod_6	5505	32263	Cautious return	solid
2020-06-30	mod_2	79106	1067316	Soc. Dist. + Travel Ban	solid
2020-06-30	mod_3	414968	1079807	No Intervention	solid
2020-06-30	mod_4	55312	682409	Moderate return	solid
2020-06-30	mod_5	336089	1907368	Normal (pre-intervention)	solid
2020-06-30	mod_6	6093	35466	Cautious return	solid
2020-07-01	mod_2	83807	1177821	Soc. Dist. + Travel Ban	solid
2020-07-01	mod_3	414755	898886	No Intervention	solid
2020-07-01	mod_4	59535	780426	Moderate return	solid
2020-07-01	mod_5	339432	1632786	Normal (pre-intervention)	solid
2020-07-01	mod_6	6727	39556	Cautious return	solid
2020-07-02	mod_2	88406	1251727	Soc. Dist. + Travel Ban	solid
2020-07-02	mod_3	413235	769228	No Intervention	solid
2020-07-02	mod_4	63634	887664	Moderate return	solid
2020-07-02	mod_5	341454	1461777	Normal (pre-intervention)	solid
2020-07-02	mod_6	7382	42935	Cautious return	solid
2020-07-03	mod_2	92766	1367084	Soc. Dist. + Travel Ban	solid
2020-07-03	mod_3	410626	703465	No Intervention	solid
2020-07-03	mod_4	67706	950871	Moderate return	solid
2020-07-03	mod_5	342028	1232160	Normal (pre-intervention)	solid
2020-07-03	mod_6	8075	48155	Cautious return	solid
2020-07-04	mod_2	97079	1427328	Soc. Dist. + Travel Ban	solid
2020-07-04	mod_3	407264	600997	No Intervention	solid
2020-07-04	mod_4	71741	1046588	Moderate return	solid
2020-07-04	mod_5	341663	1060070	Normal (pre-intervention)	solid
2020-07-04	mod_6	8831	51157	Cautious return	solid
2020-07-05	mod_2	101213	1491602	Soc. Dist. + Travel Ban	solid
2020-07-05	mod_3	402737	529863	No Intervention	solid
2020-07-05	mod_4	75600	1144606	Moderate return	solid
2020-07-05	mod_5	340209	937272	Normal (pre-intervention)	solid
2020-07-05	mod_6	9596	55805	Cautious return	solid
2020-07-06	mod_2	105080	1541361	Soc. Dist. + Travel Ban	solid
2020-07-06	mod_3	397508	459604	No Intervention	solid
2020-07-06	mod_4	79310	1221911	Moderate return	solid
2020-07-06	mod_5	337950	736259	Normal (pre-intervention)	solid
2020-07-06	mod_6	10364	66814	Cautious return	solid
2020-07-07	mod_2	108703	1544616	Soc. Dist. + Travel Ban	solid
2020-07-07	mod_3	391599	439601	No Intervention	solid
2020-07-07	mod_4	82878	1252358	Moderate return	solid
2020-07-07	mod_5	334763	666735	Normal (pre-intervention)	solid
2020-07-07	mod_6	11173	68461	Cautious return	solid
2020-07-08	mod_2	112237	1583051	Soc. Dist. + Travel Ban	solid
2020-07-08	mod_3	385053	369956	No Intervention	solid
2020-07-08	mod_4	86232	1326162	Moderate return	solid
2020-07-08	mod_5	330859	581358	Normal (pre-intervention)	solid
2020-07-08	mod_6	12020	80846	Cautious return	solid
2020-07-09	mod_2	115425	1655546	Soc. Dist. + Travel Ban	solid
2020-07-09	mod_3	377933	300834	No Intervention	solid
2020-07-09	mod_4	89469	1381789	Moderate return	solid
2020-07-09	mod_5	326329	542458	Normal (pre-intervention)	solid
2020-07-09	mod_6	12871	86930	Cautious return	solid
2020-07-10	mod_2	118343	1595751	Soc. Dist. + Travel Ban	solid
2020-07-10	mod_3	370567	277266	No Intervention	solid
2020-07-10	mod_4	92515	1446834	Moderate return	solid
2020-07-10	mod_5	321384	439167	Normal (pre-intervention)	solid
2020-07-10	mod_6	13740	97927	Cautious return	solid
2020-07-11	mod_2	121154	1552109	Soc. Dist. + Travel Ban	solid
2020-07-11	mod_3	362833	235823	No Intervention	solid
2020-07-11	mod_4	95332	1486063	Moderate return	solid
2020-07-11	mod_5	315966	374496	Normal (pre-intervention)	solid
2020-07-11	mod_6	14630	105315	Cautious return	solid
2020-07-12	mod_2	123518	1578518	Soc. Dist. + Travel Ban	solid
2020-07-12	mod_3	354759	170462	No Intervention	solid
2020-07-12	mod_4	97872	1502705	Moderate return	solid
2020-07-12	mod_5	309932	374412	Normal (pre-intervention)	solid
2020-07-12	mod_6	15521	116502	Cautious return	solid
2020-07-13	mod_2	125727	1506576	Soc. Dist. + Travel Ban	solid
2020-07-13	mod_3	346531	170292	No Intervention	solid
2020-07-13	mod_4	100339	1546021	Moderate return	solid
2020-07-13	mod_5	303675	283164	Normal (pre-intervention)	solid
2020-07-13	mod_6	16429	129013	Cautious return	solid
2020-07-14	mod_2	127633	1461778	Soc. Dist. + Travel Ban	solid
2020-07-14	mod_3	338138	150535	No Intervention	solid
2020-07-14	mod_4	102456	1596930	Moderate return	solid
2020-07-14	mod_5	297146	266323	Normal (pre-intervention)	solid
2020-07-14	mod_6	17292	144814	Cautious return	solid
2020-07-15	mod_2	129244	1356247	Soc. Dist. + Travel Ban	solid
2020-07-15	mod_3	329673	114957	No Intervention	solid
2020-07-15	mod_4	104430	1568884	Moderate return	solid
2020-07-15	mod_5	290461	235782	Normal (pre-intervention)	solid
2020-07-15	mod_6	18207	150070	Cautious return	solid
2020-07-16	mod_2	130603	1274640	Soc. Dist. + Travel Ban	solid
2020-07-16	mod_3	321182	94462	No Intervention	solid
2020-07-16	mod_4	106185	1556124	Moderate return	solid
2020-07-16	mod_5	283389	183775	Normal (pre-intervention)	solid
2020-07-16	mod_6	19085	167178	Cautious return	solid
2020-07-17	mod_2	131852	1245984	Soc. Dist. + Travel Ban	solid
2020-07-17	mod_3	312725	38875	No Intervention	solid
2020-07-17	mod_4	107682	1440435	Moderate return	solid
2020-07-17	mod_5	276265	138587	Normal (pre-intervention)	solid
2020-07-17	mod_6	20000	186107	Cautious return	solid
2020-07-18	mod_2	132786	1161938	Soc. Dist. + Travel Ban	solid
2020-07-18	mod_3	304094	69863	No Intervention	solid
2020-07-18	mod_4	108954	1436632	Moderate return	solid
2020-07-18	mod_5	269251	106250	Normal (pre-intervention)	solid
2020-07-18	mod_6	20868	201836	Cautious return	solid
2020-07-19	mod_2	133535	1033714	Soc. Dist. + Travel Ban	solid
2020-07-19	mod_3	295582	62431	No Intervention	solid
2020-07-19	mod_4	109964	1420389	Moderate return	solid
2020-07-19	mod_5	262040	148506	Normal (pre-intervention)	solid
2020-07-19	mod_6	21705	225294	Cautious return	solid
2020-07-20	mod_2	134086	1023102	Soc. Dist. + Travel Ban	solid
2020-07-20	mod_3	287171	34553	No Intervention	solid
2020-07-20	mod_4	110877	1318932	Moderate return	solid
2020-07-20	mod_5	254724	139741	Normal (pre-intervention)	solid
2020-07-20	mod_6	22563	229419	Cautious return	solid
2020-07-21	mod_2	134407	886422	Soc. Dist. + Travel Ban	solid
2020-07-21	mod_3	278846	43802	No Intervention	solid
2020-07-21	mod_4	111661	1288655	Moderate return	solid
2020-07-21	mod_5	247522	44495	Normal (pre-intervention)	solid
2020-07-21	mod_6	23377	259388	Cautious return	solid
2020-07-22	mod_2	134478	870461	Soc. Dist. + Travel Ban	solid
2020-07-22	mod_3	270677	19430	No Intervention	solid
2020-07-22	mod_4	112056	1144172	Moderate return	solid
2020-07-22	mod_5	240134	74335	Normal (pre-intervention)	solid
2020-07-22	mod_6	24204	276778	Cautious return	solid
2020-07-23	mod_2	134466	755587	Soc. Dist. + Travel Ban	solid
2020-07-23	mod_3	262433	3097	No Intervention	solid
2020-07-23	mod_4	112347	1061316	Moderate return	solid
2020-07-23	mod_5	233063	58016	Normal (pre-intervention)	solid
2020-07-23	mod_6	24943	302476	Cautious return	solid
2020-07-24	mod_2	134128	697639	Soc. Dist. + Travel Ban	solid
2020-07-24	mod_3	254524	-2965	No Intervention	solid
2020-07-24	mod_4	112472	985863	Moderate return	solid
2020-07-24	mod_5	226099	16494	Normal (pre-intervention)	solid
2020-07-24	mod_6	25713	333558	Cautious return	solid
2020-07-25	mod_2	133751	646555	Soc. Dist. + Travel Ban	solid
2020-07-25	mod_3	246523	-22786	No Intervention	solid
2020-07-25	mod_4	112456	912045	Moderate return	solid
2020-07-25	mod_5	218927	51509	Normal (pre-intervention)	solid
2020-07-25	mod_6	26424	350500	Cautious return	solid
2020-07-26	mod_2	133260	624267	Soc. Dist. + Travel Ban	solid
2020-07-26	mod_3	238985	-12228	No Intervention	solid
2020-07-26	mod_4	112333	860256	Moderate return	solid
2020-07-26	mod_5	212147	341	Normal (pre-intervention)	solid
2020-07-26	mod_6	27140	383078	Cautious return	solid
2020-07-27	mod_2	132637	515633	Soc. Dist. + Travel Ban	solid
2020-07-27	mod_3	231495	-36339	No Intervention	solid
2020-07-27	mod_4	112032	797395	Moderate return	solid
2020-07-27	mod_5	205557	34003	Normal (pre-intervention)	solid
2020-07-27	mod_6	27763	389357	Cautious return	solid
2020-07-28	mod_2	131776	473916	Soc. Dist. + Travel Ban	solid
2020-07-28	mod_3	224067	9255	No Intervention	solid
2020-07-28	mod_4	111654	722795	Moderate return	solid
2020-07-28	mod_5	198902	-19471	Normal (pre-intervention)	solid
2020-07-28	mod_6	28426	440650	Cautious return	solid
2020-07-29	mod_2	130857	456810	Soc. Dist. + Travel Ban	solid
2020-07-29	mod_3	216814	-35114	No Intervention	solid
2020-07-29	mod_4	111084	618220	Moderate return	solid
2020-07-29	mod_5	192422	-10475	Normal (pre-intervention)	solid
2020-07-29	mod_6	29057	449440	Cautious return	solid
2020-07-30	mod_2	129778	391379	Soc. Dist. + Travel Ban	solid
2020-07-30	mod_3	209934	-7457	No Intervention	solid
2020-07-30	mod_4	110396	551981	Moderate return	solid
2020-07-30	mod_5	186071	15556	Normal (pre-intervention)	solid
2020-07-30	mod_6	29609	483832	Cautious return	solid
2020-07-31	mod_2	128696	381724	Soc. Dist. + Travel Ban	solid
2020-07-31	mod_3	203052	-18823	No Intervention	solid
2020-07-31	mod_4	109593	578487	Moderate return	solid
2020-07-31	mod_5	179863	-13045	Normal (pre-intervention)	solid
2020-07-31	mod_6	30165	485866	Cautious return	solid
2020-08-01	mod_2	127360	379738	Soc. Dist. + Travel Ban	solid
2020-08-01	mod_3	196478	-16271	No Intervention	solid
2020-08-01	mod_4	108757	506698	Moderate return	solid
2020-08-01	mod_5	173885	-22405	Normal (pre-intervention)	solid
2020-08-01	mod_6	30675	538634	Cautious return	solid
2020-08-02	mod_2	126082	368083	Soc. Dist. + Travel Ban	solid
2020-08-02	mod_3	189967	-59116	No Intervention	solid
2020-08-02	mod_4	107845	479419	Moderate return	solid
2020-08-02	mod_5	168138	-56207	Normal (pre-intervention)	solid
2020-08-02	mod_6	31153	545577	Cautious return	solid
2020-08-03	mod_2	124675	297996	Soc. Dist. + Travel Ban	solid
2020-08-03	mod_3	183635	-35168	No Intervention	solid
2020-08-03	mod_4	106755	416030	Moderate return	solid
2020-08-03	mod_5	162439	-58085	Normal (pre-intervention)	solid
2020-08-03	mod_6	31603	557766	Cautious return	solid
2020-08-04	mod_2	123303	271704	Soc. Dist. + Travel Ban	solid
2020-08-04	mod_3	177518	-39583	No Intervention	solid
2020-08-04	mod_4	105726	375600	Moderate return	solid
2020-08-04	mod_5	156842	-39613	Normal (pre-intervention)	solid
2020-08-04	mod_6	32074	579614	Cautious return	solid
2020-08-05	mod_2	121746	273906	Soc. Dist. + Travel Ban	solid
2020-08-05	mod_3	171538	-81459	No Intervention	solid
2020-08-05	mod_4	104554	353115	Moderate return	solid
2020-08-05	mod_5	151588	-50071	Normal (pre-intervention)	solid
2020-08-05	mod_6	32428	572643	Cautious return	solid
2020-08-06	mod_2	120166	234055	Soc. Dist. + Travel Ban	solid
2020-08-06	mod_3	166021	-55244	No Intervention	solid
2020-08-06	mod_4	103326	348800	Moderate return	solid
2020-08-06	mod_5	146407	-37073	Normal (pre-intervention)	solid
2020-08-06	mod_6	32784	622613	Cautious return	solid
2020-08-07	mod_2	118474	212102	Soc. Dist. + Travel Ban	solid
2020-08-07	mod_3	160359	-60652	No Intervention	solid
2020-08-07	mod_4	102113	335019	Moderate return	solid
2020-08-07	mod_5	141305	-47166	Normal (pre-intervention)	solid
2020-08-07	mod_6	33086	651234	Cautious return	solid
2020-08-08	mod_2	116872	214083	Soc. Dist. + Travel Ban	solid
2020-08-08	mod_3	155002	-82774	No Intervention	solid
2020-08-08	mod_4	100735	291912	Moderate return	solid
2020-08-08	mod_5	136488	-74830	Normal (pre-intervention)	solid
2020-08-08	mod_6	33395	627070	Cautious return	solid
2020-08-09	mod_2	115092	196954	Soc. Dist. + Travel Ban	solid
2020-08-09	mod_3	149795	-67622	No Intervention	solid
2020-08-09	mod_4	99518	262143	Moderate return	solid
2020-08-09	mod_5	131742	-52161	Normal (pre-intervention)	solid
2020-08-09	mod_6	33679	667141	Cautious return	solid
2020-08-10	mod_2	113391	147135	Soc. Dist. + Travel Ban	solid
2020-08-10	mod_3	144722	-83176	No Intervention	solid
2020-08-10	mod_4	98001	261359	Moderate return	solid
2020-08-10	mod_5	127241	-72406	Normal (pre-intervention)	solid
2020-08-10	mod_6	33910	710634	Cautious return	solid
2020-08-11	mod_2	111669	163565	Soc. Dist. + Travel Ban	solid
2020-08-11	mod_3	139826	-76175	No Intervention	solid
2020-08-11	mod_4	96590	214067	Moderate return	solid
2020-08-11	mod_5	122864	-64813	Normal (pre-intervention)	solid
2020-08-11	mod_6	34137	724688	Cautious return	solid
2020-08-12	mod_2	109856	153483	Soc. Dist. + Travel Ban	solid
2020-08-12	mod_3	135078	-66810	No Intervention	solid
2020-08-12	mod_4	95132	189562	Moderate return	solid
2020-08-12	mod_5	118666	-52975	Normal (pre-intervention)	solid
2020-08-12	mod_6	34275	726698	Cautious return	solid
2020-08-13	mod_2	108038	145196	Soc. Dist. + Travel Ban	solid
2020-08-13	mod_3	130646	-78281	No Intervention	solid
2020-08-13	mod_4	93723	190619	Moderate return	solid
2020-08-13	mod_5	114667	-78538	Normal (pre-intervention)	solid
2020-08-13	mod_6	34441	718795	Cautious return	solid
2020-08-14	mod_2	106196	110611	Soc. Dist. + Travel Ban	solid
2020-08-14	mod_3	126148	-63945	No Intervention	solid
2020-08-14	mod_4	92222	180373	Moderate return	solid
2020-08-14	mod_5	110586	-85646	Normal (pre-intervention)	solid
2020-08-14	mod_6	34501	766387	Cautious return	solid
2020-08-15	mod_2	104499	88583	Soc. Dist. + Travel Ban	solid
2020-08-15	mod_3	122042	-54874	No Intervention	solid
2020-08-15	mod_4	90684	159159	Moderate return	solid
2020-08-15	mod_5	106865	-92303	Normal (pre-intervention)	solid
2020-08-15	mod_6	34584	727924	Cautious return	solid
2020-08-16	mod_2	102538	97672	Soc. Dist. + Travel Ban	solid
2020-08-16	mod_3	117824	-75816	No Intervention	solid
2020-08-16	mod_4	89069	169709	Moderate return	solid
2020-08-16	mod_5	103249	-81915	Normal (pre-intervention)	solid
2020-08-16	mod_6	34647	764709	Cautious return	solid
2020-08-17	mod_2	100752	101762	Soc. Dist. + Travel Ban	solid
2020-08-17	mod_3	113950	-70659	No Intervention	solid
2020-08-17	mod_4	87541	130672	Moderate return	solid
2020-08-17	mod_5	99701	-73105	Normal (pre-intervention)	solid
2020-08-17	mod_6	34735	702356	Cautious return	solid
2020-08-18	mod_2	98894	78974	Soc. Dist. + Travel Ban	solid
2020-08-18	mod_3	110097	-69375	No Intervention	solid
2020-08-18	mod_4	86027	101096	Moderate return	solid
2020-08-18	mod_5	96320	-102661	Normal (pre-intervention)	solid
2020-08-18	mod_6	34701	741457	Cautious return	solid
2020-08-19	mod_2	97197	82740	Soc. Dist. + Travel Ban	solid
2020-08-19	mod_3	106464	-88814	No Intervention	solid
2020-08-19	mod_4	84417	105521	Moderate return	solid
2020-08-19	mod_5	92911	-65321	Normal (pre-intervention)	solid
2020-08-19	mod_6	34694	700825	Cautious return	solid
2020-08-20	mod_2	95205	55938	Soc. Dist. + Travel Ban	solid
2020-08-20	mod_3	102994	-68911	No Intervention	solid
2020-08-20	mod_4	82946	96553	Moderate return	solid
2020-08-20	mod_5	89902	-82070	Normal (pre-intervention)	solid
2020-08-20	mod_6	34677	711715	Cautious return	solid
2020-08-21	mod_2	93345	91522	Soc. Dist. + Travel Ban	solid
2020-08-21	mod_3	99525	-66216	No Intervention	solid
2020-08-21	mod_4	81396	66323	Moderate return	solid
2020-08-21	mod_5	86865	-71551	Normal (pre-intervention)	solid
2020-08-21	mod_6	34570	656114	Cautious return	solid
2020-08-22	mod_2	91610	78852	Soc. Dist. + Travel Ban	solid
2020-08-22	mod_3	96223	-103904	No Intervention	solid
2020-08-22	mod_4	79852	99327	Moderate return	solid
2020-08-22	mod_5	83847	-88557	Normal (pre-intervention)	solid
2020-08-22	mod_6	34490	725827	Cautious return	solid
2020-08-23	mod_2	89970	57820	Soc. Dist. + Travel Ban	solid
2020-08-23	mod_3	93051	-80575	No Intervention	solid
2020-08-23	mod_4	78433	85148	Moderate return	solid
2020-08-23	mod_5	80988	-55876	Normal (pre-intervention)	solid
2020-08-23	mod_6	34391	640988	Cautious return	solid
2020-08-24	mod_2	88210	23294	Soc. Dist. + Travel Ban	solid
2020-08-24	mod_3	89901	-89218	No Intervention	solid
2020-08-24	mod_4	76760	67410	Moderate return	solid
2020-08-24	mod_5	78429	-89349	Normal (pre-intervention)	solid
2020-08-24	mod_6	34333	624642	Cautious return	solid
2020-08-25	mod_2	86439	47001	Soc. Dist. + Travel Ban	solid
2020-08-25	mod_3	87077	-84111	No Intervention	solid
2020-08-25	mod_4	75374	60505	Moderate return	solid
2020-08-25	mod_5	75847	-92380	Normal (pre-intervention)	solid
2020-08-25	mod_6	34136	618110	Cautious return	solid
2020-08-26	mod_2	84563	27401	Soc. Dist. + Travel Ban	solid
2020-08-26	mod_3	84184	-78640	No Intervention	solid
2020-08-26	mod_4	73780	76280	Moderate return	solid
2020-08-26	mod_5	73209	-67544	Normal (pre-intervention)	solid
2020-08-26	mod_6	33998	652582	Cautious return	solid
2020-08-27	mod_2	82921	25685	Soc. Dist. + Travel Ban	solid
2020-08-27	mod_3	81399	-99799	No Intervention	solid
2020-08-27	mod_4	72398	42555	Moderate return	solid
2020-08-27	mod_5	71013	-89369	Normal (pre-intervention)	solid
2020-08-27	mod_6	33826	605809	Cautious return	solid
2020-08-28	mod_2	81345	21607	Soc. Dist. + Travel Ban	solid
2020-08-28	mod_3	78722	-83992	No Intervention	solid
2020-08-28	mod_4	70964	51377	Moderate return	solid
2020-08-28	mod_5	68578	-67277	Normal (pre-intervention)	solid
2020-08-28	mod_6	33682	562052	Cautious return	solid
2020-08-29	mod_2	79653	51270	Soc. Dist. + Travel Ban	solid
2020-08-29	mod_3	76334	-77146	No Intervention	solid
2020-08-29	mod_4	69501	67891	Moderate return	solid
2020-08-29	mod_5	66307	-61519	Normal (pre-intervention)	solid
2020-08-29	mod_6	33458	574334	Cautious return	solid
2020-08-30	mod_2	77945	31695	Soc. Dist. + Travel Ban	solid
2020-08-30	mod_3	73751	-70756	No Intervention	solid
2020-08-30	mod_4	67998	31329	Moderate return	solid
2020-08-30	mod_5	64210	-85384	Normal (pre-intervention)	solid
2020-08-30	mod_6	33241	508746	Cautious return	solid
2020-08-31	mod_2	76403	25860	Soc. Dist. + Travel Ban	solid
2020-08-31	mod_3	71311	-95308	No Intervention	solid
2020-08-31	mod_4	66624	64087	Moderate return	solid
2020-08-31	mod_5	62190	-86275	Normal (pre-intervention)	solid
2020-08-31	mod_6	33093	495583	Cautious return	solid
2020-09-01	mod_2	74717	33530	Soc. Dist. + Travel Ban	solid
2020-09-01	mod_3	69002	-91879	No Intervention	solid
2020-09-01	mod_4	65160	30341	Moderate return	solid
2020-09-01	mod_5	60163	-72420	Normal (pre-intervention)	solid
2020-09-01	mod_6	32833	489502	Cautious return	solid
2020-09-02	mod_2	73197	20350	Soc. Dist. + Travel Ban	solid
2020-09-02	mod_3	66717	-82960	No Intervention	solid
2020-09-02	mod_4	63780	22359	Moderate return	solid
2020-09-02	mod_5	58115	-78663	Normal (pre-intervention)	solid
2020-09-02	mod_6	32551	481946	Cautious return	solid
2020-09-03	mod_2	71602	-4033	Soc. Dist. + Travel Ban	solid
2020-09-03	mod_3	64802	-74462	No Intervention	solid
2020-09-03	mod_4	62462	34254	Moderate return	solid
2020-09-03	mod_5	56289	-82270	Normal (pre-intervention)	solid
2020-09-03	mod_6	32282	426642	Cautious return	solid
2020-09-04	mod_2	70129	21808	Soc. Dist. + Travel Ban	solid
2020-09-04	mod_3	62639	-71690	No Intervention	solid
2020-09-04	mod_4	61133	21871	Moderate return	solid
2020-09-04	mod_5	54487	-83266	Normal (pre-intervention)	solid
2020-09-04	mod_6	31973	448586	Cautious return	solid
2020-09-05	mod_2	68655	18427	Soc. Dist. + Travel Ban	solid
2020-09-05	mod_3	60665	-72694	No Intervention	solid
2020-09-05	mod_4	59717	44624	Moderate return	solid
2020-09-05	mod_5	52785	-79429	Normal (pre-intervention)	solid
2020-09-05	mod_6	31730	373286	Cautious return	solid
2020-09-06	mod_2	67179	6793	Soc. Dist. + Travel Ban	solid
2020-09-06	mod_3	58548	-84739	No Intervention	solid
2020-09-06	mod_4	58452	11321	Moderate return	solid
2020-09-06	mod_5	51027	-77330	Normal (pre-intervention)	solid
2020-09-06	mod_6	31501	392825	Cautious return	solid
2020-09-07	mod_2	65849	9322	Soc. Dist. + Travel Ban	solid
2020-09-07	mod_3	56925	-80711	No Intervention	solid
2020-09-07	mod_4	57265	28564	Moderate return	solid
2020-09-07	mod_5	49475	-76566	Normal (pre-intervention)	solid
2020-09-07	mod_6	31162	375817	Cautious return	solid
2020-09-08	mod_2	64261	-9439	Soc. Dist. + Travel Ban	solid
2020-09-08	mod_3	55062	-70497	No Intervention	solid
2020-09-08	mod_4	56013	-1853	Moderate return	solid
2020-09-08	mod_5	47953	-89651	Normal (pre-intervention)	solid
2020-09-08	mod_6	30863	370530	Cautious return	solid
2020-09-09	mod_2	63076	1457	Soc. Dist. + Travel Ban	solid
2020-09-09	mod_3	53368	-74779	No Intervention	solid
2020-09-09	mod_4	54722	10164	Moderate return	solid
2020-09-09	mod_5	46395	-70630	Normal (pre-intervention)	solid
2020-09-09	mod_6	30608	311071	Cautious return	solid
2020-09-10	mod_2	61558	-5734	Soc. Dist. + Travel Ban	solid
2020-09-10	mod_3	51826	-80773	No Intervention	solid
2020-09-10	mod_4	53502	4889	Moderate return	solid
2020-09-10	mod_5	44892	-62953	Normal (pre-intervention)	solid
2020-09-10	mod_6	30280	316662	Cautious return	solid
2020-09-11	mod_2	60281	-9630	Soc. Dist. + Travel Ban	solid
2020-09-11	mod_3	50149	-81714	No Intervention	solid
2020-09-11	mod_4	52365	3221	Moderate return	solid
2020-09-11	mod_5	43596	-83584	Normal (pre-intervention)	solid
2020-09-11	mod_6	29980	268351	Cautious return	solid
2020-09-12	mod_2	59072	-438	Soc. Dist. + Travel Ban	solid
2020-09-12	mod_3	48602	-59118	No Intervention	solid
2020-09-12	mod_4	51149	11041	Moderate return	solid
2020-09-12	mod_5	42217	-61607	Normal (pre-intervention)	solid
2020-09-12	mod_6	29651	261570	Cautious return	solid
2020-09-13	mod_2	57787	16609	Soc. Dist. + Travel Ban	solid
2020-09-13	mod_3	47084	-79217	No Intervention	solid
2020-09-13	mod_4	50146	-315	Moderate return	solid
2020-09-13	mod_5	40899	-69542	Normal (pre-intervention)	solid
2020-09-13	mod_6	29319	279427	Cautious return	solid
2020-09-14	mod_2	56502	-26810	Soc. Dist. + Travel Ban	solid
2020-09-14	mod_3	45655	-67739	No Intervention	solid
2020-09-14	mod_4	48940	-11990	Moderate return	solid
2020-09-14	mod_5	39568	-91611	Normal (pre-intervention)	solid
2020-09-14	mod_6	29017	228627	Cautious return	solid
2020-09-15	mod_2	55249	-3541	Soc. Dist. + Travel Ban	solid
2020-09-15	mod_3	44316	-75686	No Intervention	solid
2020-09-15	mod_4	47913	14939	Moderate return	solid
2020-09-15	mod_5	38323	-72826	Normal (pre-intervention)	solid
2020-09-15	mod_6	28653	251402	Cautious return	solid
2020-09-16	mod_2	54105	10060	Soc. Dist. + Travel Ban	solid
2020-09-16	mod_3	43037	-77689	No Intervention	solid
2020-09-16	mod_4	46839	-11255	Moderate return	solid
2020-09-16	mod_5	37306	-68584	Normal (pre-intervention)	solid
2020-09-16	mod_6	28403	212131	Cautious return	solid
2020-09-17	mod_2	52940	-14897	Soc. Dist. + Travel Ban	solid
2020-09-17	mod_3	41747	-63631	No Intervention	solid
2020-09-17	mod_4	45646	-9932	Moderate return	solid
2020-09-17	mod_5	36068	-67951	Normal (pre-intervention)	solid
2020-09-17	mod_6	27944	262452	Cautious return	solid
2020-09-18	mod_2	51696	7175	Soc. Dist. + Travel Ban	solid
2020-09-18	mod_3	40506	-71076	No Intervention	solid
2020-09-18	mod_4	44628	-3421	Moderate return	solid
2020-09-18	mod_5	35021	-81821	Normal (pre-intervention)	solid
2020-09-18	mod_6	27629	193301	Cautious return	solid
2020-09-19	mod_2	50578	-20965	Soc. Dist. + Travel Ban	solid
2020-09-19	mod_3	39184	-60763	No Intervention	solid
2020-09-19	mod_4	43658	2747	Moderate return	solid
2020-09-19	mod_5	33995	-75519	Normal (pre-intervention)	solid
2020-09-19	mod_6	27272	188608	Cautious return	solid
2020-09-20	mod_2	49380	-16923	Soc. Dist. + Travel Ban	solid
2020-09-20	mod_3	38164	-79522	No Intervention	solid
2020-09-20	mod_4	42767	-19114	Moderate return	solid
2020-09-20	mod_5	33006	-68849	Normal (pre-intervention)	solid
2020-09-20	mod_6	27017	167184	Cautious return	solid
2020-09-21	mod_2	48312	-9335	Soc. Dist. + Travel Ban	solid
2020-09-21	mod_3	37012	-75959	No Intervention	solid
2020-09-21	mod_4	41781	-16901	Moderate return	solid
2020-09-21	mod_5	31809	-61945	Normal (pre-intervention)	solid
2020-09-21	mod_6	26656	213215	Cautious return	solid
2020-09-22	mod_2	47288	-5447	Soc. Dist. + Travel Ban	solid
2020-09-22	mod_3	35917	-59791	No Intervention	solid
2020-09-22	mod_4	40864	15050	Moderate return	solid
2020-09-22	mod_5	31001	-74409	Normal (pre-intervention)	solid
2020-09-22	mod_6	26345	140995	Cautious return	solid
2020-09-23	mod_2	46271	-21836	Soc. Dist. + Travel Ban	solid
2020-09-23	mod_3	34779	-71529	No Intervention	solid
2020-09-23	mod_4	40006	-5627	Moderate return	solid
2020-09-23	mod_5	30009	-58936	Normal (pre-intervention)	solid
2020-09-23	mod_6	26028	175964	Cautious return	solid
2020-09-24	mod_2	45429	-33348	Soc. Dist. + Travel Ban	solid
2020-09-24	mod_3	33794	-62417	No Intervention	solid
2020-09-24	mod_4	39096	-4063	Moderate return	solid
2020-09-24	mod_5	29303	-64446	Normal (pre-intervention)	solid
2020-09-24	mod_6	25698	160112	Cautious return	solid
2020-09-25	mod_2	44352	-18797	Soc. Dist. + Travel Ban	solid
2020-09-25	mod_3	33035	-57893	No Intervention	solid
2020-09-25	mod_4	38228	-17938	Moderate return	solid
2020-09-25	mod_5	28329	-54551	Normal (pre-intervention)	solid
2020-09-25	mod_6	25296	144153	Cautious return	solid
2020-09-26	mod_2	43300	-16125	Soc. Dist. + Travel Ban	solid
2020-09-26	mod_3	31941	-63682	No Intervention	solid
2020-09-26	mod_4	37314	-2805	Moderate return	solid
2020-09-26	mod_5	27443	-76231	Normal (pre-intervention)	solid
2020-09-26	mod_6	25010	120790	Cautious return	solid
2020-09-27	mod_2	42262	-18969	Soc. Dist. + Travel Ban	solid
2020-09-27	mod_3	31078	-71040	No Intervention	solid
2020-09-27	mod_4	36502	-35240	Moderate return	solid
2020-09-27	mod_5	26737	-73392	Normal (pre-intervention)	solid
2020-09-27	mod_6	24668	127266	Cautious return	solid
2020-09-28	mod_2	41463	-13265	Soc. Dist. + Travel Ban	solid
2020-09-28	mod_3	30126	-60514	No Intervention	solid
2020-09-28	mod_4	35654	-12170	Moderate return	solid
2020-09-28	mod_5	25784	-50429	Normal (pre-intervention)	solid
2020-09-28	mod_6	24324	133731	Cautious return	solid
2020-09-29	mod_2	40622	-25561	Soc. Dist. + Travel Ban	solid
2020-09-29	mod_3	29333	-68669	No Intervention	solid
2020-09-29	mod_4	34871	-9475	Moderate return	solid
2020-09-29	mod_5	25206	-44606	Normal (pre-intervention)	solid
2020-09-29	mod_6	23938	128383	Cautious return	solid
2020-09-30	mod_2	39644	-36515	Soc. Dist. + Travel Ban	solid
2020-09-30	mod_3	28568	-52818	No Intervention	solid
2020-09-30	mod_4	34048	-15184	Moderate return	solid
2020-09-30	mod_5	24385	-68178	Normal (pre-intervention)	solid
2020-09-30	mod_6	23651	109450	Cautious return	solid
2020-10-01	mod_2	38722	-5322	Soc. Dist. + Travel Ban	solid
2020-10-01	mod_3	27566	-66725	No Intervention	solid
2020-10-01	mod_4	33308	-6200	Moderate return	solid
2020-10-01	mod_5	23864	-60289	Normal (pre-intervention)	solid
2020-10-01	mod_6	23311	120591	Cautious return	solid
2020-10-02	mod_2	38004	-29738	Soc. Dist. + Travel Ban	solid
2020-10-02	mod_3	26931	-67221	No Intervention	solid
2020-10-02	mod_4	32571	-20257	Moderate return	solid
2020-10-02	mod_5	23137	-51122	Normal (pre-intervention)	solid
2020-10-02	mod_6	23002	77271	Cautious return	solid
2020-10-03	mod_2	37184	-12794	Soc. Dist. + Travel Ban	solid
2020-10-03	mod_3	26147	-71665	No Intervention	solid
2020-10-03	mod_4	31860	-20572	Moderate return	solid
2020-10-03	mod_5	22410	-53477	Normal (pre-intervention)	solid
2020-10-03	mod_6	22628	99466	Cautious return	solid
2020-10-04	mod_2	36248	-22253	Soc. Dist. + Travel Ban	solid
2020-10-04	mod_3	25354	-65497	No Intervention	solid
2020-10-04	mod_4	31104	-22738	Moderate return	solid
2020-10-04	mod_5	21850	-64865	Normal (pre-intervention)	solid
2020-10-04	mod_6	22388	107933	Cautious return	solid
2020-10-05	mod_2	35444	-7450	Soc. Dist. + Travel Ban	solid
2020-10-05	mod_3	24603	-53430	No Intervention	solid
2020-10-05	mod_4	30370	-19929	Moderate return	solid
2020-10-05	mod_5	21248	-52787	Normal (pre-intervention)	solid
2020-10-05	mod_6	22054	79354	Cautious return	solid
2020-10-06	mod_2	34620	-39938	Soc. Dist. + Travel Ban	solid
2020-10-06	mod_3	24074	-52751	No Intervention	solid
2020-10-06	mod_4	29727	-17677	Moderate return	solid
2020-10-06	mod_5	20685	-60005	Normal (pre-intervention)	solid
2020-10-06	mod_6	21661	83232	Cautious return	solid
2020-10-07	mod_2	33944	-14440	Soc. Dist. + Travel Ban	solid
2020-10-07	mod_3	23482	-62214	No Intervention	solid
2020-10-07	mod_4	29149	-16856	Moderate return	solid
2020-10-07	mod_5	20050	-38694	Normal (pre-intervention)	solid
2020-10-07	mod_6	21353	108332	Cautious return	solid
2020-10-08	mod_2	33345	-36215	Soc. Dist. + Travel Ban	solid
2020-10-08	mod_3	22808	-58224	No Intervention	solid
2020-10-08	mod_4	28396	-31845	Moderate return	solid
2020-10-08	mod_5	19499	-67212	Normal (pre-intervention)	solid
2020-10-08	mod_6	21062	92364	Cautious return	solid
2020-10-09	mod_2	32428	-22516	Soc. Dist. + Travel Ban	solid
2020-10-09	mod_3	22068	-58594	No Intervention	solid
2020-10-09	mod_4	27772	-25168	Moderate return	solid
2020-10-09	mod_5	19083	-62768	Normal (pre-intervention)	solid
2020-10-09	mod_6	20695	97763	Cautious return	solid
2020-10-10	mod_2	31684	-26388	Soc. Dist. + Travel Ban	solid
2020-10-10	mod_3	21720	-57572	No Intervention	solid
2020-10-10	mod_4	27109	-17238	Moderate return	solid
2020-10-10	mod_5	18372	-64050	Normal (pre-intervention)	solid
2020-10-10	mod_6	20478	33158	Cautious return	solid
2020-10-11	mod_2	31155	-20193	Soc. Dist. + Travel Ban	solid
2020-10-11	mod_3	20925	-57257	No Intervention	solid
2020-10-11	mod_4	26564	-20694	Moderate return	solid
2020-10-11	mod_5	17949	-43126	Normal (pre-intervention)	solid
2020-10-11	mod_6	20116	56124	Cautious return	solid
2020-10-12	mod_2	30333	-13735	Soc. Dist. + Travel Ban	solid
2020-10-12	mod_3	20366	-55882	No Intervention	solid
2020-10-12	mod_4	26062	-21459	Moderate return	solid
2020-10-12	mod_5	17455	-50813	Normal (pre-intervention)	solid
2020-10-12	mod_6	19809	67218	Cautious return	solid
2020-10-13	mod_2	29684	-29718	Soc. Dist. + Travel Ban	solid
2020-10-13	mod_3	19810	-53291	No Intervention	solid
2020-10-13	mod_4	25498	-29267	Moderate return	solid
2020-10-13	mod_5	16968	-52316	Normal (pre-intervention)	solid
2020-10-13	mod_6	19586	85282	Cautious return	solid
2020-10-14	mod_2	29093	-10323	Soc. Dist. + Travel Ban	solid
2020-10-14	mod_3	19274	-61642	No Intervention	solid
2020-10-14	mod_4	24960	-27486	Moderate return	solid
2020-10-14	mod_5	16532	-44366	Normal (pre-intervention)	solid
2020-10-14	mod_6	19278	47024	Cautious return	solid
2020-10-15	mod_2	28468	-17343	Soc. Dist. + Travel Ban	solid
2020-10-15	mod_3	18901	-41011	No Intervention	solid
2020-10-15	mod_4	24311	-17067	Moderate return	solid
2020-10-15	mod_5	16049	-49796	Normal (pre-intervention)	solid
2020-10-15	mod_6	18884	66984	Cautious return	solid
2020-10-16	mod_2	27936	-27358	Soc. Dist. + Travel Ban	solid
2020-10-16	mod_3	18474	-46464	No Intervention	solid
2020-10-16	mod_4	23790	-24677	Moderate return	solid
2020-10-16	mod_5	15674	-53746	Normal (pre-intervention)	solid
2020-10-16	mod_6	18643	52048	Cautious return	solid
2020-10-17	mod_2	27236	-20751	Soc. Dist. + Travel Ban	solid
2020-10-17	mod_3	17984	-53141	No Intervention	solid
2020-10-17	mod_4	23332	-17493	Moderate return	solid
2020-10-17	mod_5	15181	-42049	Normal (pre-intervention)	solid
2020-10-17	mod_6	18365	61712	Cautious return	solid
2020-10-18	mod_2	26794	-8382	Soc. Dist. + Travel Ban	solid
2020-10-18	mod_3	17435	-29267	No Intervention	solid
2020-10-18	mod_4	22771	-9376	Moderate return	solid
2020-10-18	mod_5	14854	-44794	Normal (pre-intervention)	solid
2020-10-18	mod_6	18131	58970	Cautious return	solid
2020-10-19	mod_2	26115	-35417	Soc. Dist. + Travel Ban	solid
2020-10-19	mod_3	16978	-36585	No Intervention	solid
2020-10-19	mod_4	22268	-37386	Moderate return	solid
2020-10-19	mod_5	14533	-47230	Normal (pre-intervention)	solid
2020-10-19	mod_6	17779	63586	Cautious return	solid
2020-10-20	mod_2	25616	-14206	Soc. Dist. + Travel Ban	solid
2020-10-20	mod_3	16555	-53072	No Intervention	solid
2020-10-20	mod_4	21731	-18025	Moderate return	solid
2020-10-20	mod_5	14053	-44807	Normal (pre-intervention)	solid
2020-10-20	mod_6	17562	37873	Cautious return	solid
2020-10-21	mod_2	NA	NA	Soc. Dist. + Travel Ban	solid
2020-10-21	mod_3	NA	NA	No Intervention	solid
2020-10-21	mod_4	NA	NA	Moderate return	solid
2020-10-21	mod_5	NA	NA	Normal (pre-intervention)	solid
2020-10-21	mod_6	NA	NA	Cautious return	solid
2020-10-22	mod_2	NA	NA	Soc. Dist. + Travel Ban	solid
2020-10-22	mod_3	NA	NA	No Intervention	solid
2020-10-22	mod_4	NA	NA	Moderate return	solid
2020-10-22	mod_5	NA	NA	Normal (pre-intervention)	solid
2020-10-22	mod_6	NA	NA	Cautious return	solid
2020-10-23	mod_2	NA	NA	Soc. Dist. + Travel Ban	solid
2020-10-23	mod_3	NA	NA	No Intervention	solid
2020-10-23	mod_4	NA	NA	Moderate return	solid
2020-10-23	mod_5	NA	NA	Normal (pre-intervention)	solid
2020-10-23	mod_6	NA	NA	Cautious return	solid
2020-10-24	mod_2	NA	NA	Soc. Dist. + Travel Ban	solid
2020-10-24	mod_3	NA	NA	No Intervention	solid
2020-10-24	mod_4	NA	NA	Moderate return	solid
2020-10-24	mod_5	NA	NA	Normal (pre-intervention)	solid
2020-10-24	mod_6	NA	NA	Cautious return	solid
2020-10-25	mod_2	NA	NA	Soc. Dist. + Travel Ban	solid
2020-10-25	mod_3	NA	NA	No Intervention	solid
2020-10-25	mod_4	NA	NA	Moderate return	solid
2020-10-25	mod_5	NA	NA	Normal (pre-intervention)	solid
2020-10-25	mod_6	NA	NA	Cautious return	solid
2020-10-26	mod_2	NA	NA	Soc. Dist. + Travel Ban	solid
2020-10-26	mod_3	NA	NA	No Intervention	solid
2020-10-26	mod_4	NA	NA	Moderate return	solid
2020-10-26	mod_5	NA	NA	Normal (pre-intervention)	solid
2020-10-26	mod_6	NA	NA	Cautious return	solid
2020-10-27	mod_2	NA	NA	Soc. Dist. + Travel Ban	solid
2020-10-27	mod_3	NA	NA	No Intervention	solid
2020-10-27	mod_4	NA	NA	Moderate return	solid
2020-10-27	mod_5	NA	NA	Normal (pre-intervention)	solid
2020-10-27	mod_6	NA	NA	Cautious return	solid
2020-10-28	mod_2	NA	NA	Soc. Dist. + Travel Ban	solid
2020-10-28	mod_3	NA	NA	No Intervention	solid
2020-10-28	mod_4	NA	NA	Moderate return	solid
2020-10-28	mod_5	NA	NA	Normal (pre-intervention)	solid
2020-10-28	mod_6	NA	NA	Cautious return	solid
2020-10-29	mod_2	NA	NA	Soc. Dist. + Travel Ban	solid
2020-10-29	mod_3	NA	NA	No Intervention	solid
2020-10-29	mod_4	NA	NA	Moderate return	solid
2020-10-29	mod_5	NA	NA	Normal (pre-intervention)	solid
2020-10-29	mod_6	NA	NA	Cautious return	solid
2020-10-30	mod_2	NA	NA	Soc. Dist. + Travel Ban	solid
2020-10-30	mod_3	NA	NA	No Intervention	solid
2020-10-30	mod_4	NA	NA	Moderate return	solid
2020-10-30	mod_5	NA	NA	Normal (pre-intervention)	solid
2020-10-30	mod_6	NA	NA	Cautious return	solid
2020-10-31	mod_2	NA	NA	Soc. Dist. + Travel Ban	solid
2020-10-31	mod_3	NA	NA	No Intervention	solid
2020-10-31	mod_4	NA	NA	Moderate return	solid
2020-10-31	mod_5	NA	NA	Normal (pre-intervention)	solid
2020-10-31	mod_6	NA	NA	Cautious return	solid
2020-11-01	mod_2	NA	NA	Soc. Dist. + Travel Ban	solid
2020-11-01	mod_3	NA	NA	No Intervention	solid
2020-11-01	mod_4	NA	NA	Moderate return	solid
2020-11-01	mod_5	NA	NA	Normal (pre-intervention)	solid
2020-11-01	mod_6	NA	NA	Cautious return	solid
2020-11-02	mod_2	NA	NA	Soc. Dist. + Travel Ban	solid
2020-11-02	mod_3	NA	NA	No Intervention	solid
2020-11-02	mod_4	NA	NA	Moderate return	solid
2020-11-02	mod_5	NA	NA	Normal (pre-intervention)	solid
2020-11-02	mod_6	NA	NA	Cautious return	solid
2020-11-03	mod_2	NA	NA	Soc. Dist. + Travel Ban	solid
2020-11-03	mod_3	NA	NA	No Intervention	solid
2020-11-03	mod_4	NA	NA	Moderate return	solid
2020-11-03	mod_5	NA	NA	Normal (pre-intervention)	solid
2020-11-03	mod_6	NA	NA	Cautious return	solid
2020-11-04	mod_2	NA	NA	Soc. Dist. + Travel Ban	solid
2020-11-04	mod_3	NA	NA	No Intervention	solid
2020-11-04	mod_4	NA	NA	Moderate return	solid
2020-11-04	mod_5	NA	NA	Normal (pre-intervention)	solid
2020-11-04	mod_6	NA	NA	Cautious return	solid
2020-11-05	mod_2	NA	NA	Soc. Dist. + Travel Ban	solid
2020-11-05	mod_3	NA	NA	No Intervention	solid
2020-11-05	mod_4	NA	NA	Moderate return	solid
2020-11-05	mod_5	NA	NA	Normal (pre-intervention)	solid
2020-11-05	mod_6	NA	NA	Cautious return	solid
2020-11-06	mod_2	NA	NA	Soc. Dist. + Travel Ban	solid
2020-11-06	mod_3	NA	NA	No Intervention	solid
2020-11-06	mod_4	NA	NA	Moderate return	solid
2020-11-06	mod_5	NA	NA	Normal (pre-intervention)	solid
2020-11-06	mod_6	NA	NA	Cautious return	solid
2020-11-07	mod_2	NA	NA	Soc. Dist. + Travel Ban	solid
2020-11-07	mod_3	NA	NA	No Intervention	solid
2020-11-07	mod_4	NA	NA	Moderate return	solid
2020-11-07	mod_5	NA	NA	Normal (pre-intervention)	solid
2020-11-07	mod_6	NA	NA	Cautious return	solid
2020-11-08	mod_2	NA	NA	Soc. Dist. + Travel Ban	solid
2020-11-08	mod_3	NA	NA	No Intervention	solid
2020-11-08	mod_4	NA	NA	Moderate return	solid
2020-11-08	mod_5	NA	NA	Normal (pre-intervention)	solid
2020-11-08	mod_6	NA	NA	Cautious return	solid
2020-11-09	mod_2	NA	NA	Soc. Dist. + Travel Ban	solid
2020-11-09	mod_3	NA	NA	No Intervention	solid
2020-11-09	mod_4	NA	NA	Moderate return	solid
2020-11-09	mod_5	NA	NA	Normal (pre-intervention)	solid
2020-11-09	mod_6	NA	NA	Cautious return	solid
2020-11-10	mod_2	NA	NA	Soc. Dist. + Travel Ban	solid
2020-11-10	mod_3	NA	NA	No Intervention	solid
2020-11-10	mod_4	NA	NA	Moderate return	solid
2020-11-10	mod_5	NA	NA	Normal (pre-intervention)	solid
2020-11-10	mod_6	NA	NA	Cautious return	solid
2020-11-11	mod_2	NA	NA	Soc. Dist. + Travel Ban	solid
2020-11-11	mod_3	NA	NA	No Intervention	solid
2020-11-11	mod_4	NA	NA	Moderate return	solid
2020-11-11	mod_5	NA	NA	Normal (pre-intervention)	solid
2020-11-11	mod_6	NA	NA	Cautious return	solid
2020-11-12	mod_2	NA	NA	Soc. Dist. + Travel Ban	solid
2020-11-12	mod_3	NA	NA	No Intervention	solid
2020-11-12	mod_4	NA	NA	Moderate return	solid
2020-11-12	mod_5	NA	NA	Normal (pre-intervention)	solid
2020-11-12	mod_6	NA	NA	Cautious return	solid
2020-11-13	mod_2	NA	NA	Soc. Dist. + Travel Ban	solid
2020-11-13	mod_3	NA	NA	No Intervention	solid
2020-11-13	mod_4	NA	NA	Moderate return	solid
2020-11-13	mod_5	NA	NA	Normal (pre-intervention)	solid
2020-11-13	mod_6	NA	NA	Cautious return	solid
2020-11-14	mod_2	NA	NA	Soc. Dist. + Travel Ban	solid
2020-11-14	mod_3	NA	NA	No Intervention	solid
2020-11-14	mod_4	NA	NA	Moderate return	solid
2020-11-14	mod_5	NA	NA	Normal (pre-intervention)	solid
2020-11-14	mod_6	NA	NA	Cautious return	solid
2020-11-15	mod_2	NA	NA	Soc. Dist. + Travel Ban	solid
2020-11-15	mod_3	NA	NA	No Intervention	solid
2020-11-15	mod_4	NA	NA	Moderate return	solid
2020-11-15	mod_5	NA	NA	Normal (pre-intervention)	solid
2020-11-15	mod_6	NA	NA	Cautious return	solid
2020-11-16	mod_2	NA	NA	Soc. Dist. + Travel Ban	solid
2020-11-16	mod_3	NA	NA	No Intervention	solid
2020-11-16	mod_4	NA	NA	Moderate return	solid
2020-11-16	mod_5	NA	NA	Normal (pre-intervention)	solid
2020-11-16	mod_6	NA	NA	Cautious return	solid
2020-11-17	mod_2	NA	NA	Soc. Dist. + Travel Ban	solid
2020-11-17	mod_3	NA	NA	No Intervention	solid
2020-11-17	mod_4	NA	NA	Moderate return	solid
2020-11-17	mod_5	NA	NA	Normal (pre-intervention)	solid
2020-11-17	mod_6	NA	NA	Cautious return	solid
2020-11-18	mod_2	NA	NA	Soc. Dist. + Travel Ban	solid
2020-11-18	mod_3	NA	NA	No Intervention	solid
2020-11-18	mod_4	NA	NA	Moderate return	solid
2020-11-18	mod_5	NA	NA	Normal (pre-intervention)	solid
2020-11-18	mod_6	NA	NA	Cautious return	solid
2020-11-19	mod_2	NA	NA	Soc. Dist. + Travel Ban	solid
2020-11-19	mod_3	NA	NA	No Intervention	solid
2020-11-19	mod_4	NA	NA	Moderate return	solid
2020-11-19	mod_5	NA	NA	Normal (pre-intervention)	solid
2020-11-19	mod_6	NA	NA	Cautious return	solid
2020-11-20	mod_2	NA	NA	Soc. Dist. + Travel Ban	solid
2020-11-20	mod_3	NA	NA	No Intervention	solid
2020-11-20	mod_4	NA	NA	Moderate return	solid
2020-11-20	mod_5	NA	NA	Normal (pre-intervention)	solid
2020-11-20	mod_6	NA	NA	Cautious return	solid
2020-11-21	mod_2	NA	NA	Soc. Dist. + Travel Ban	solid
2020-11-21	mod_3	NA	NA	No Intervention	solid
2020-11-21	mod_4	NA	NA	Moderate return	solid
2020-11-21	mod_5	NA	NA	Normal (pre-intervention)	solid
2020-11-21	mod_6	NA	NA	Cautious return	solid
2020-11-22	mod_2	NA	NA	Soc. Dist. + Travel Ban	solid
2020-11-22	mod_3	NA	NA	No Intervention	solid
2020-11-22	mod_4	NA	NA	Moderate return	solid
2020-11-22	mod_5	NA	NA	Normal (pre-intervention)	solid
2020-11-22	mod_6	NA	NA	Cautious return	solid
2020-11-23	mod_2	NA	NA	Soc. Dist. + Travel Ban	solid
2020-11-23	mod_3	NA	NA	No Intervention	solid
2020-11-23	mod_4	NA	NA	Moderate return	solid
2020-11-23	mod_5	NA	NA	Normal (pre-intervention)	solid
2020-11-23	mod_6	NA	NA	Cautious return	solid
2020-11-24	mod_2	NA	NA	Soc. Dist. + Travel Ban	solid
2020-11-24	mod_3	NA	NA	No Intervention	solid
2020-11-24	mod_4	NA	NA	Moderate return	solid
2020-11-24	mod_5	NA	NA	Normal (pre-intervention)	solid
2020-11-24	mod_6	NA	NA	Cautious return	solid
2020-11-25	mod_2	NA	NA	Soc. Dist. + Travel Ban	solid
2020-11-25	mod_3	NA	NA	No Intervention	solid
2020-11-25	mod_4	NA	NA	Moderate return	solid
2020-11-25	mod_5	NA	NA	Normal (pre-intervention)	solid
2020-11-25	mod_6	NA	NA	Cautious return	solid
2020-11-26	mod_2	NA	NA	Soc. Dist. + Travel Ban	solid
2020-11-26	mod_3	NA	NA	No Intervention	solid
2020-11-26	mod_4	NA	NA	Moderate return	solid
2020-11-26	mod_5	NA	NA	Normal (pre-intervention)	solid
2020-11-26	mod_6	NA	NA	Cautious return	solid
2020-11-27	mod_2	NA	NA	Soc. Dist. + Travel Ban	solid
2020-11-27	mod_3	NA	NA	No Intervention	solid
2020-11-27	mod_4	NA	NA	Moderate return	solid
2020-11-27	mod_5	NA	NA	Normal (pre-intervention)	solid
2020-11-27	mod_6	NA	NA	Cautious return	solid
2020-11-28	mod_2	NA	NA	Soc. Dist. + Travel Ban	solid
2020-11-28	mod_3	NA	NA	No Intervention	solid
2020-11-28	mod_4	NA	NA	Moderate return	solid
2020-11-28	mod_5	NA	NA	Normal (pre-intervention)	solid
2020-11-28	mod_6	NA	NA	Cautious return	solid
2020-11-29	mod_2	NA	NA	Soc. Dist. + Travel Ban	solid
2020-11-29	mod_3	NA	NA	No Intervention	solid
2020-11-29	mod_4	NA	NA	Moderate return	solid
2020-11-29	mod_5	NA	NA	Normal (pre-intervention)	solid
2020-11-29	mod_6	NA	NA	Cautious return	solid
2020-11-30	mod_2	NA	NA	Soc. Dist. + Travel Ban	solid
2020-11-30	mod_3	NA	NA	No Intervention	solid
2020-11-30	mod_4	NA	NA	Moderate return	solid
2020-11-30	mod_5	NA	NA	Normal (pre-intervention)	solid
2020-11-30	mod_6	NA	NA	Cautious return	solid
2020-12-01	mod_2	NA	NA	Soc. Dist. + Travel Ban	solid
2020-12-01	mod_3	NA	NA	No Intervention	solid
2020-12-01	mod_4	NA	NA	Moderate return	solid
2020-12-01	mod_5	NA	NA	Normal (pre-intervention)	solid
2020-12-01	mod_6	NA	NA	Cautious return	solid
2020-12-02	mod_2	NA	NA	Soc. Dist. + Travel Ban	solid
2020-12-02	mod_3	NA	NA	No Intervention	solid
2020-12-02	mod_4	NA	NA	Moderate return	solid
2020-12-02	mod_5	NA	NA	Normal (pre-intervention)	solid
2020-12-02	mod_6	NA	NA	Cautious return	solid
2020-12-03	mod_2	NA	NA	Soc. Dist. + Travel Ban	solid
2020-12-03	mod_3	NA	NA	No Intervention	solid
2020-12-03	mod_4	NA	NA	Moderate return	solid
2020-12-03	mod_5	NA	NA	Normal (pre-intervention)	solid
2020-12-03	mod_6	NA	NA	Cautious return	solid
2020-12-04	mod_2	NA	NA	Soc. Dist. + Travel Ban	solid
2020-12-04	mod_3	NA	NA	No Intervention	solid
2020-12-04	mod_4	NA	NA	Moderate return	solid
2020-12-04	mod_5	NA	NA	Normal (pre-intervention)	solid
2020-12-04	mod_6	NA	NA	Cautious return	solid
